15876[11.39024  12.833813 13.563168][40.44393  47.87152  52.176765]
15879[11.39024  12.833813 13.563168][41.571007 47.87152  52.165382]
15885[ 9.31595  10.124752 13.547913][38.92666 47.87256 53.6903 ]
15888[ 9.048847 10.325251 13.547913][38.92666  47.87256  54.239796]
15969[10.42411    7.1410294 13.547077 ][38.919487 47.85727  54.92693 ]
16060[11.392714 12.834431 13.552044][48.269604 47.87215  46.866196]
16062[11.392714 12.834431 13.552044][48.784397 47.87215  46.877396]
16064[11.392714 12.834431 13.552044][48.151054 47.87215  46.99848 ]
16066[11.392714 12.834431 13.552044][46.856144 47.87215  46.843807]
16067[11.392714 12.834431 13.552044][47.385845 47.87215  47.25973 ]
16068[11.392714 12.834431 13.552044][47.42212  47.87215  47.047443]
16100[11.405796   4.8414583 11.250961 ][52.07343  47.859375 40.964077]
16104[11.405796   6.3792267 11.182426 ][53.19562  47.859375 40.964077]
16105[11.405796  5.802436 11.39658 ][53.150814 47.859375 40.964077]
16163[11.4079895  5.1835737 10.552374 ][52.200912 47.8609   40.953144]
16288[ 9.619217 12.847425 13.549274][38.937035 47.885193 52.58408 ]
16308[ 6.8246326 10.805471  13.542925 ][38.94652  47.825516 54.576927]
16337[11.404131  6.399275 13.548929][46.97427  47.866142 47.366337]
16394[11.401945  12.8271885 13.539444 ][39.908592 47.864815 55.243385]
16430[11.386227 12.838678 13.536362][41.179924 47.87658  51.69204 ]
16434[10.756636 12.838678 13.536362][39.91781 47.87658 52.23386]
16436[10.3652   12.838678 13.536362][39.246017 47.87658  51.68219 ]
16441[11.411552   5.2997494 10.925337 ][52.386005 47.858437 40.950333]
16450[11.40852   8.442486 13.5263  ][53.59218  47.88565  43.888973]
16451[11.40852   9.609753 13.5263  ][53.023197 47.88565  44.91637 ]
16452[11.40852   9.614758 13.5263  ][51.889866 47.88565  44.849815]
16453[11.40852   8.591116 13.5263  ][52.459385 47.88565  44.71496 ]
16454[11.40852 10.25107 13.5263 ][52.735188 47.88565  43.740852]
16455[11.40852  10.071535 13.5263  ][52.297916 47.88565  44.27321 ]
16456[11.40852   9.432125 13.5263  ][52.79133  47.88565  45.189945]
16457[11.40852  10.168226 13.5263  ][54.101883 47.88565  44.111233]
16458[11.40852  10.212414 13.5263  ][51.11801 47.88565 43.75825]
16459[11.40852   9.767086 13.5263  ][52.464832 47.88565  45.120205]
16478[11.404589   6.604479   4.4176445][48.270943 47.882282 40.94937 ]
16600[11.411552  6.092058 11.581306][53.526634 47.858437 40.950333]
16620[11.390694  9.415539 13.544151][44.211853 47.856365 50.59272 ]
16621[11.390694  10.4124775 13.544151 ][45.263344 47.856365 51.31943 ]
16622[11.390694 10.403784 13.544151][44.157513 47.856365 50.570873]
16623[11.390694  9.807398 13.544151][45.013462 47.856365 50.594666]
16624[11.390694 11.02     13.544151][44.190678 47.856365 51.192677]
16625[11.390694 10.587305 13.544151][44.03694  47.856365 51.764633]
16626[11.390694  9.27087  13.544151][44.75188  47.856365 49.90638 ]
16627[11.390694 11.508591 13.544151][43.806343 47.856365 51.671593]
16628[11.390694 10.540852 13.544151][44.261734 47.856365 49.789745]
16629[11.390694 11.054653 13.544151][43.615253 47.856365 50.926758]
16770[11.411552  6.334305 12.263254][53.035824 47.858437 40.950333]
16776[11.411552  6.252247 11.536661][52.652527 47.858437 40.950333]
16812[11.408602   5.7539673 11.716915 ][53.189625 47.886616 40.925674]
16813[11.408602  5.746052 11.034706][52.671288 47.886616 40.925674]
16814[11.408602   5.7401447 12.403408 ][52.917027 47.886616 40.925674]
16816[11.408602   6.2189293 11.36825  ][53.293884 47.886616 40.925674]
16818[11.408602  5.846339 11.110889][53.424324 47.886616 40.925674]
16903[11.408495   5.1769295 11.621737 ][52.581135 47.861084 40.952713]
16906[11.408495  5.408478 10.849184][52.304253 47.861084 40.952713]
16942[11.410015   5.4156647 11.233208 ][52.862587 47.871212 40.952133]
16947[11.410015  4.875141  9.644581][51.873768 47.871212 40.952133]
16949[11.410015   5.4493475 10.842083 ][52.912605 47.871212 40.952133]
