28366[11.395193  9.360628 13.562393][40.80494  47.86387  50.703167]
28367[11.395193  9.378658 13.562393][40.536705 47.86387  50.266655]
28634[11.390408 12.692738 13.554115][40.674416 47.86686  51.461597]
28710[11.395924 12.835829 13.550602][41.750713 47.873543 51.614876]
28711[11.395924 12.835829 13.550602][39.978695 47.873543 51.419506]
28712[11.395924 12.835829 13.550602][39.12906  47.873543 52.577877]
28713[11.395924 12.835829 13.550602][40.46171  47.873543 53.094193]
28714[11.395924 12.835829 13.550602][39.448814 47.873543 51.839897]
28715[11.395924 12.835829 13.550602][41.612137 47.873543 51.95129 ]
28716[11.395924 12.835829 13.550602][40.552452 47.873543 51.62793 ]
28717[11.395924 12.835829 13.550602][40.361084 47.873543 52.817093]
28718[11.395924 12.835829 13.550602][39.903618 47.873543 52.392082]
28719[11.395924 12.835829 13.550602][41.895412 47.873543 51.990776]
28761[11.384247 12.85421  13.513889][41.520504 47.89234  47.909233]
28762[11.384247 12.85421  13.513889][42.0064  47.89234 47.03031]
28772[11.391956 10.588497 13.551226][38.929882 47.873623 51.70057 ]
28773[11.391956 10.187897 13.551226][39.49169  47.873623 51.275837]
28776[11.391956  8.91436  13.551226][38.929882 47.873623 50.46246 ]
28778[11.391956 10.827812 13.551226][39.184975 47.873623 49.840267]
28870[11.401384 12.849543 13.5187  ][42.440853 47.88744  53.995113]
28871[11.401384 12.849543 13.5187  ][41.959328 47.88744  54.351665]
28872[11.401384 12.849543 13.5187  ][42.494198 47.88744  54.610935]
28873[10.853386 12.849543 13.5187  ][40.972588 47.88744  55.113735]
28874[10.230347 12.849543 13.5187  ][39.72616  47.88744  55.603878]
28875[10.764196 12.849543 13.5187  ][40.462646 47.88744  55.636013]
28876[10.773243 12.849543 13.5187  ][40.722527 47.88744  54.704556]
28877[11.401384 12.849543 13.5187  ][41.053925 47.88744  55.96936 ]
28878[10.286493 12.849543 13.5187  ][39.656754 47.88744  55.21712 ]
28879[10.734102 12.849543 13.5187  ][40.077618 47.88744  56.37871 ]
28898[11.406712 12.822184 13.538742][41.790207 47.859764 50.660675]
28899[11.406712 12.822184 13.538742][43.166424 47.859764 50.55279 ]
28900[11.3968525 12.836998  13.5511055][41.46945  47.874725 54.8279  ]
28901[11.3968525 12.836998  13.5511055][40.5888   47.874725 54.097633]
28902[11.3968525 12.836998  13.5511055][40.38637  47.874725 55.321133]
28903[11.322792  12.836998  13.5511055][38.93479  47.874725 56.19859 ]
28904[11.3968525 12.836998  13.5511055][40.4952   47.874725 55.19255 ]
28905[11.3968525 12.836998  13.5511055][41.580986 47.874725 53.13713 ]
28906[11.3968525 12.836998  13.5511055][40.436623 47.874725 54.561382]
28907[11.3968525 12.836998  13.5511055][41.050766 47.874725 54.90116 ]
28908[11.3968525 12.836998  13.5511055][40.78549  47.874725 54.173096]
28909[11.3968525 12.836998  13.5511055][40.488922 47.874725 54.095013]
28920[11.390461 12.847633 13.52894 ][41.24932  47.88558  51.717438]
28923[11.390461 12.847633 13.52894 ][41.15145  47.88558  50.920925]
28924[11.390461 12.847633 13.52894 ][40.781982 47.88558  51.06408 ]
29091[11.384535  12.840761  13.5511265][42.23347  47.878628 49.77329 ]
29092[11.384535  12.840761  13.5511265][41.64763  47.878628 49.146255]
29099[11.384535  12.840761  13.5511265][42.318462 47.878628 50.47059 ]
29203[ 9.8805065  9.790985  13.578594 ][38.937378 47.89456  50.87941 ]
29204[ 9.448051 10.414637 13.578594][38.937378 47.89456  50.814785]
29322[11.38929  12.843971 13.558861][43.539997 47.881794 51.667507]
29323[11.38929  12.843971 13.558861][43.11956  47.881794 51.85688 ]
29327[11.38929  12.843971 13.558861][42.50029  47.881794 52.574047]
29328[11.38929  12.843971 13.558861][43.337616 47.881794 51.721268]
