23783[ 8.07115  12.531782 13.55172 ][38.93122 47.86793 53.97611]
23786[ 7.465294 12.491501 13.55172 ][38.93122 47.86793 53.86429]
23787[ 7.64645  12.476744 13.55172 ][38.93122  47.86793  53.988342]
23790[11.394768 12.830893 13.56291 ][40.289597 47.868538 56.31807 ]
23791[ 9.453991 12.830893 13.56291 ][38.932716 47.868538 55.55432 ]
23792[10.742336 12.830893 13.56291 ][39.82831  47.868538 55.01537 ]
23793[ 9.837303 12.830893 13.56291 ][38.932716 47.868538 56.48267 ]
23794[10.938625 12.830893 13.56291 ][39.71043  47.868538 54.44964 ]
23795[11.157469 12.830893 13.56291 ][40.117012 47.868538 56.318142]
23796[10.848301 12.830893 13.56291 ][39.801384 47.868538 54.230484]
23797[10.278835 12.830893 13.56291 ][38.932716 47.868538 55.969425]
23798[11.320293 12.830893 13.56291 ][39.6286   47.868538 55.980793]
23799[11.394768 12.830893 13.56291 ][40.754944 47.868538 53.500122]
23823[11.394243 12.828812 13.542324][44.583267 47.866528 47.30833 ]
23825[11.394243 12.828812 13.542324][44.591488 47.866528 48.302673]
23826[11.394243 12.828812 13.542324][44.08434  47.866528 49.30693 ]
23851[11.401012 12.837778 13.545067][43.06969  47.87548  51.880226]
23853[11.401012 12.837778 13.545067][40.725533 47.87548  53.564198]
23858[11.401012 12.837778 13.545067][41.798607 47.87548  52.272617]
23911[11.019377 12.834837 13.560282][38.928654 47.87255  54.200092]
23914[ 9.31596  12.834837 13.560282][38.928654 47.87255  54.350105]
23919[10.11335  12.834837 13.560282][38.928654 47.87255  53.681084]
23960[11.393715 12.817539 13.556049][45.533657 47.855145 47.837337]
23961[11.393715 12.817539 13.556049][44.35652  47.855145 47.139523]
23962[11.393715 12.817539 13.556049][45.68112  47.855145 47.283276]
23964[11.393715 12.817539 13.556049][45.454647 47.855145 47.6292  ]
23968[11.393715 12.817539 13.556049][44.520126 47.855145 48.387905]
23988[ 6.57098  12.835384 13.560837][38.944405 47.87294  53.75694 ]
24081[11.4025135 12.833805  13.567375 ][47.335766 47.87137  47.746754]
24200[11.395567 12.830877 13.558853][47.33615  47.868546 47.96158 ]
24206[11.395567 12.830877 13.558853][46.404434 47.868546 47.294086]
24267[11.40473  12.834133 13.549553][50.408325 47.871758 40.947414]
24526[11.405714 12.823793 13.554642][51.644222 48.468765 40.95245 ]
24604[11.385668 12.813721 12.394138][50.034008 50.993774 40.973454]
24647[11.405714 12.823793 13.554642][52.5039   47.861298 40.95245 ]
24650[11.391928 12.828962 13.545818][49.858677 49.230785 40.94373 ]
24651[11.391928 12.828962 13.545818][48.897877 47.970943 41.323616]
24653[11.391928 12.828962 13.545818][48.561787 48.761787 41.27285 ]
24654[11.391928 12.828962 13.545818][50.101944 49.30021  40.94373 ]
24656[11.391928 12.828962 13.545818][49.07163  47.866676 40.94373 ]
24658[11.391928 12.828962 13.545818][49.503216 49.918312 40.94373 ]
24693[11.406631 12.830843 13.55048 ][49.968594 48.645058 40.99151 ]
24694[11.406631 12.830843 13.55048 ][50.72745  49.51867  40.948334]
24696[11.406631 12.830843 13.358589][50.68064  48.271523 40.948334]
24698[11.406631 12.830843 13.55048 ][50.75879  49.48428  40.948334]
24699[11.406631 12.830843 13.55048 ][50.267857 50.310577 40.948334]
24802[11.401241 12.829721 13.557165][48.712334 47.8673   46.280727]
