13578[ 5.6253633 12.83938   13.556911 ][38.928024 47.877148 55.27691 ]
13580[11.408918  8.565071 13.556038][50.47083  47.860115 43.881355]
13581[11.408918  8.588722 13.556038][49.70524  47.860115 44.814304]
13582[11.408918  7.421297 13.556038][48.449955 47.860115 44.742912]
13583[11.408918  7.559862 13.556038][48.77192  47.860115 44.529427]
13584[11.408918  8.914995 13.556038][50.638657 47.860115 45.081207]
13585[11.408918   8.5256195 13.556038 ][48.670113 47.860115 43.675014]
13586[11.408918  8.61381  13.556038][48.942635 47.860115 43.844574]
13587[11.408918  8.341225 13.556038][49.941383 47.860115 44.554672]
13588[11.408918  8.525261 13.556038][49.476616 47.860115 44.108433]
13589[11.408918  7.202297 13.556038][51.011517 47.860115 43.63259 ]
13600[11.415392  9.640905 13.530525][48.708107 47.885036 43.92057 ]
13601[11.415392  8.188906 13.530525][48.213634 47.885036 46.293465]
13602[11.415392  8.71669  13.530525][49.291916 47.885036 45.712193]
13603[11.415392  9.577623 13.530525][48.57115  47.885036 46.241   ]
13604[11.415392  8.591949 13.530525][48.30619  47.885036 45.742016]
13605[11.415392   8.5703125 13.530525 ][47.888985 47.885036 44.519543]
13607[11.415392  8.503641 13.530525][47.959267 47.885036 45.175682]
13608[11.415392  9.424412 13.530525][47.98098  47.885036 44.44613 ]
13609[11.415392  7.66374  13.530525][48.392662 47.885036 45.169617]
13625[11.395088  11.5168705 13.556858 ][44.27005  47.864697 46.933685]
13645[ 6.966202 12.830891 13.553036][38.92578  47.868652 56.17723 ]
13660[11.39694  12.831392 13.549702][46.90393  47.869095 47.205917]
13661[11.39694  12.03738  13.549702][45.004528 47.869095 48.03592 ]
13664[11.39694  12.831392 13.549702][46.67238  47.869095 46.87436 ]
13668[11.39694  12.831392 13.549702][46.597286 47.869095 46.96818 ]
13669[11.39694  12.355316 13.549702][47.136032 47.869095 48.137653]
13673[11.410152  8.270973 13.563358][48.19073  47.876816 44.8113  ]
13675[11.410152   7.6945877 13.563358 ][47.29746  47.876816 44.443695]
13680[11.411209  8.470369 13.555035][48.188442 47.858    45.93803 ]
13681[11.411209  8.694279 13.555035][49.51373  47.858    44.310894]
13682[11.411209  9.60817  13.555035][48.896164 47.858    44.513187]
13683[11.411209  9.4734   13.555035][49.441563 47.858    45.09813 ]
13684[11.411209  9.066042 13.555035][49.30443 47.858   44.43129]
13686[11.411209  7.280674 13.555035][49.203194 47.858    45.447037]
13687[11.411209  8.973419 13.555035][50.371086 47.858    44.29643 ]
13688[11.411209   7.4281807 13.555035 ][49.644207 47.858    44.29755 ]
13689[11.411209  8.580624 13.555035][49.00704  47.858    44.457108]
13691[11.396961 12.05278  13.550598][46.923943 47.872013 47.7085  ]
13696[11.396961 11.129593 13.550598][45.359123 47.872013 47.962326]
13697[11.396961 12.834309 13.550598][44.50947  47.872013 47.286957]
13700[11.391302  12.7112255 13.575687 ][45.018784 47.883606 46.034184]
13720[ 8.647369 12.834761 13.554771][38.928272 47.872547 55.327606]
13724[ 7.746544 12.834761 13.554771][38.928272 47.872547 56.736626]
13729[ 6.4590225 12.834761  13.554771 ][38.928272 47.872547 55.37893 ]
13757[11.367952 10.425114 13.554054][41.180542 47.86798  51.691757]
13775[11.408218 12.849663 13.533768][41.87504  47.887455 54.14115 ]
13780[ 9.014509 12.834721 13.55512 ][38.930393 47.872456 55.495007]
13781[ 9.213949 12.834721 13.55512 ][38.930393 47.872456 55.654037]
13782[ 8.854244 12.834721 13.55512 ][38.930393 47.872456 55.543377]
13786[ 8.456024 12.834721 13.55512 ][38.930393 47.872456 56.220135]
13789[ 8.668791 12.834721 13.55512 ][38.930393 47.872456 56.27519 ]
13820[11.399502 11.945633 13.54837 ][48.231228 47.87519  43.43893 ]
13821[11.399502 10.677687 13.54837 ][50.18455  47.87519  43.170338]
13822[11.399502 11.552101 13.54837 ][48.301285 47.87519  43.255463]
13823[11.399502 12.347441 13.54837 ][48.5632  47.87519 43.16842]
13825[11.399502  11.2379055 13.54837  ][49.630234 47.87519  43.974846]
13828[11.399502 10.354679 13.54837 ][49.6419   47.87519  43.778522]
13829[11.399502 12.098722 13.54837 ][49.069386 47.87519  43.544464]
13838[11.381752 11.390669 13.559099][41.290577 47.876408 51.915962]
13852[11.398958  12.827858  11.6622925][47.71179 48.78856 40.95066]
13870[11.412533  8.391125 13.557278][49.90056  47.8735   43.820713]
13872[11.412533  8.56958  13.557278][49.50639  47.8735   45.822235]
13873[11.412533  7.787237 13.557278][49.821716 47.8735   45.201283]
13874[11.412533  9.850124 13.557278][48.7518  47.8735  44.58895]
13875[11.412533  8.832005 13.557278][50.951202 47.8735   45.04469 ]
13878[11.412533  8.311241 13.557278][50.010612 47.8735   44.8202  ]
13879[11.412533   8.7789955 13.557278 ][48.447727 47.8735   43.87496 ]
13900[11.398638 12.833546 13.549736][46.135113 47.87123  45.929607]
13901[11.398638 12.486599 13.549736][44.792305 47.87123  47.11273 ]
13902[11.398638 10.597141 13.549736][46.62272 47.87123 48.2897 ]
13904[11.398638 12.593472 13.549736][45.471886 47.87123  47.204037]
13907[11.398638 12.833546 13.549736][47.281677 47.87123  45.743736]
13908[11.398638 12.274536 13.549736][46.131866 47.87123  47.403244]
13909[11.398638 12.833546 13.549736][46.437202 47.87123  46.89876 ]
13913[11.382717  12.848076   9.5311985][50.005974 47.885918 40.971863]
13920[11.409103   7.5154457 13.559114 ][49.016945 47.87606  44.091927]
13921[11.409103  7.883381 13.559114][49.231678 47.87606  43.46575 ]
13923[11.409103  9.52396  13.559114][49.810795 47.87606  44.27816 ]
13924[11.409103  9.115995 13.559114][49.686104 47.87606  43.93292 ]
13926[11.409103  9.532328 13.559114][47.919434 47.87606  44.61121 ]
13927[11.409103  8.447243 13.559114][49.014923 47.87606  44.199802]
13928[11.409103  8.925861 13.559114][49.482906 47.87606  44.4478  ]
13929[11.409103  9.081434 13.559114][48.789143 47.87606  45.071175]
13942[11.398497 12.837351 12.446518][51.373714 47.87502  40.95611 ]
13946[11.398497 12.837351 13.558313][51.739315 47.87502  41.69788 ]
13947[11.398497 12.837351 13.473469][52.137615 47.87502  40.95611 ]
13948[11.398497 12.837351 13.557816][51.21291 47.87502 40.95611]
13970[11.410215   7.7207794 13.555016 ][50.57418  47.85806  44.880188]
13971[11.410215  9.144806 13.555016][49.322067 47.85806  44.352882]
13972[11.410215  9.631691 13.555016][48.07242  47.85806  44.637093]
13973[11.410215  8.57057  13.555016][49.75372 47.85806 45.35751]
13974[11.410215  8.157675 13.555016][49.827587 47.85806  45.93231 ]
13976[11.410215   9.5872135 13.555016 ][49.498302 47.85806  44.715   ]
13977[11.410215  9.257259 13.555016][49.17828  47.85806  44.387867]
13978[11.410215  8.413691 13.555016][49.818043 47.85806  44.953968]
13979[11.410215  8.461359 13.555016][49.15584 47.85806 44.18328]
14002[11.397491 12.82979  10.987595][50.61457 47.86745 40.94827]
14030[11.092569 12.840361 13.54686 ][38.917786 47.8783   56.590553]
14033[10.655062 12.840361 13.54686 ][38.917786 47.8783   56.982513]
14060[11.397018 12.83939   9.814514][49.85629  47.877075 40.957413]
14061[11.397018 12.83939   9.45438 ][50.042763 47.877075 40.957413]
14063[11.397018  12.83939    7.9194965][51.137817 47.877075 40.957413]
14064[11.397018 12.83939  10.717775][49.32428  47.877075 40.957413]
14065[11.397018 12.83939  10.163223][50.71441  47.877075 40.957413]
14066[11.397018 12.83939   9.917999][51.63813  47.877075 40.957413]
14067[11.397018 12.83939   7.906433][50.84717  47.877075 40.957413]
14068[11.397018 12.83939   9.137913][50.439117 47.877075 40.957413]
14069[11.397018 12.83939   9.199776][51.6943   47.877075 40.957413]
14090[11.409103  8.450249 13.559114][50.256844 47.87606  44.858147]
14091[11.409103  8.117161 13.559114][50.107685 47.87606  44.41978 ]
14092[11.409103  9.111444 13.559114][49.177723 47.87606  44.602455]
14093[11.409103  8.932186 13.559114][49.787415 47.87606  45.191673]
14095[11.409103 10.49728  13.559114][50.34377  47.87606  44.481865]
14096[11.409103  9.556322 13.559114][49.400932 47.87606  45.005245]
14097[11.409103  8.907022 13.559114][48.219296 47.87606  44.770355]
14098[11.409103  8.982929 13.559114][48.49856  47.87606  43.765907]
14099[11.409103  8.350077 13.559114][49.8889   47.87606  45.250072]
14103[11.404047 12.817215 13.557404][44.80076  47.85469  47.755707]
14108[11.404047 12.817215 13.557404][44.417625 47.85469  48.296734]
14131[11.409611  9.450504 13.535076][49.615616 47.888226 44.587967]
14132[11.409611 10.191574 13.535076][48.73789  47.888226 44.70862 ]
14133[11.409611  9.179914 13.535076][47.65409  47.888226 44.03571 ]
14135[11.409611  9.434803 13.535076][47.87145  47.888226 43.803757]
14136[11.409611 10.425312 13.535076][47.42955  47.888226 44.42237 ]
14137[11.409611  8.611704 13.535076][48.662407 47.888226 45.229214]
14138[11.409611  9.405762 13.535076][48.14925  47.888226 45.274563]
14139[11.409611  9.306047 13.535076][47.650402 47.888226 43.952637]
14180[11.401369 12.833954 13.548645][46.854584 47.87162  47.034786]
14182[11.401369 12.833954 13.548645][46.903446 47.87162  47.020687]
14183[11.401369 11.934439 13.548645][47.11955  47.87162  47.377117]
14188[11.401369 12.503143 13.548645][45.918327 47.87162  47.46622 ]
14189[11.401369 12.043755 13.548645][47.07948 47.87162 46.67453]
14192[11.406052 12.826382 13.549868][45.0354   47.863976 47.473183]
14200[11.409849   9.30728   13.5540085][50.506107 47.858303 46.140205]
14201[11.409849   8.73193   13.5540085][51.00192  47.858303 44.42901 ]
14202[11.409849   8.057554  13.5540085][49.613586 47.858303 44.422935]
14203[11.409849   8.03273   13.5540085][50.295067 47.858303 44.610744]
14204[11.409849   9.508406  13.5540085][49.800842 47.858303 44.315926]
14205[11.409849   7.5872345 13.5540085][49.803383 47.858303 45.313908]
14207[11.409849   8.541969  13.5540085][50.54711  47.858303 44.620937]
14208[11.409849   9.495659  13.5540085][50.087814 47.858303 45.724823]
14230[11.401529 11.108942 13.55652 ][50.332382 47.862118 41.88265 ]
14231[11.401529 11.381084 13.55652 ][48.856064 47.862118 43.071472]
14232[11.401529 11.264336 13.55652 ][49.69556  47.862118 43.697113]
14234[11.401529 11.915482 13.55652 ][49.359303 47.862118 43.7672  ]
14235[11.401529 10.73077  13.55652 ][48.959084 47.862118 41.873127]
14236[11.401529 10.088989 13.55652 ][48.77228  47.862118 43.618916]
14237[11.401529 12.364738 13.55652 ][49.532932 47.862118 42.34547 ]
14239[11.401529  9.825251 13.55652 ][49.183258 47.862118 43.340267]
14240[11.410152  7.779722 13.563358][50.096977 47.876816 44.956398]
14244[11.410152   8.1728115 13.563358 ][49.21004  47.876816 44.461517]
14245[11.410152  9.254255 13.563358][47.872143 47.876816 43.956333]
14246[11.410152  8.446266 13.563358][49.53124  47.876816 44.09866 ]
14249[11.410152  9.097847 13.563358][47.88978  47.876816 44.464085]
14276[ 6.9879646 11.917995  13.55352  ][38.927937 47.8746   55.647366]
14290[11.410152   8.1404915 13.563358 ][49.322273 47.876816 45.058605]
14294[11.410152  8.205528 13.563358][49.356037 47.876816 44.57824 ]
14296[11.410152   7.2459164 13.563358 ][48.975433 47.876816 44.038265]
14297[11.410152   8.7987385 13.563358 ][49.87289  47.876816 44.623898]
14299[11.410152   6.8435116 13.563358 ][49.72935  47.876816 44.333176]
14330[11.395403   8.342161  13.5548935][49.908363 47.87455  44.496437]
14331[11.395403   8.515394  13.5548935][48.398354 47.87455  44.13689 ]
14332[11.395403  10.028311  13.5548935][49.36868  47.87455  44.177284]
14333[11.395403   9.045969  13.5548935][48.269543 47.87455  44.04751 ]
14334[11.395403   9.833687  13.5548935][49.55552  47.87455  44.234474]
14335[11.395403   8.141819  13.5548935][50.271847 47.87455  44.529877]
14336[11.395403   8.014851  13.5548935][50.406025 47.87455  44.238857]
14338[11.395403   9.473429  13.5548935][50.182972 47.87455  44.743095]
14342[11.398621   8.5140915 13.562325 ][46.812447 47.86457  43.557808]
14344[11.398621  7.169756 13.562325][47.758705 47.86457  45.000362]
14346[11.398621   5.5970078 13.562325 ][47.432026 47.86457  45.787308]
14348[11.398621   7.6280823 13.562325 ][46.45497  47.86457  45.381596]
14396[11.392128  9.615124 13.549789][42.52404  47.87127  50.636078]
14399[11.392128 10.287027 13.549789][42.949505 47.87127  50.153584]
14420[11.408918  7.613243 13.556038][49.423397 47.860115 44.709145]
14421[11.408918  8.839375 13.556038][49.928596 47.860115 43.812965]
14422[11.408918 10.061583 13.556038][50.46925  47.860115 44.272232]
14423[11.408918  8.742369 13.556038][48.54791  47.860115 44.201393]
14424[11.408918  8.181894 13.556038][50.481052 47.860115 45.02087 ]
14426[11.408918  7.041382 13.556038][50.019985 47.860115 44.547565]
14427[11.408918  8.215067 13.556038][49.558857 47.860115 44.29021 ]
14428[11.408918  8.638447 13.556038][49.652763 47.860115 44.997833]
14429[11.408918  7.52186  13.556038][48.498135 47.860115 44.138077]
14470[11.410152  8.746958 13.563358][47.649532 47.876816 45.48195 ]
14478[11.410152  8.270145 13.563358][48.254288 47.876816 43.7218  ]
14479[11.410152  8.81691  13.563358][49.366455 47.876816 44.15283 ]
14480[11.397209 11.952173 13.550594][44.208344 47.87435  49.8624  ]
14482[11.397209 11.439617 13.550594][43.522305 47.87435  50.432358]
14484[11.397209 11.766041 13.550594][43.86956 47.87435 49.85988]
14485[11.397209 12.747555 13.550594][44.768696 47.87435  49.45212 ]
14486[11.397209 12.630802 13.550594][44.53228 47.87435 48.54743]
14488[11.397209 11.530521 13.550594][44.829506 47.87435  49.42668 ]
14502[11.407383 12.827353 13.548363][44.31419  47.864918 46.8816  ]
14525[10.475094 12.837891 13.547716][38.930786 47.87567  55.798088]
14528[ 9.735157 12.837891 13.547716][38.930786 47.87567  56.017303]
14543[ 7.432869 12.838163 13.544765][38.930683 47.875946 56.490376]
14544[ 8.304199 12.838163 13.544765][38.930683 47.875946 56.922306]
14556[11.408962  12.827623  13.5511055][45.645844 47.86514  46.563934]
14572[10.502737 12.822617 13.538422][38.918037 47.860435 54.903862]
14573[11.380112 12.822617 13.538422][39.495193 47.860435 53.54403 ]
14575[10.446714 12.822617 13.538422][38.918037 47.860435 56.183716]
14576[11.380112 12.822617 13.538422][38.918037 47.860435 55.73819 ]
14580[11.411926  7.739254 13.554424][50.46383  47.858696 45.605225]
14581[11.411926  9.232822 13.554424][50.567673 47.858696 44.669827]
14582[11.411926  8.355713 13.554424][50.484604 47.858696 44.809685]
14583[11.411926  8.397598 13.554424][48.442852 47.858696 44.203194]
14584[11.411926  9.468077 13.554424][50.666576 47.858696 44.4179  ]
14585[11.411926  7.48682  13.554424][50.539223 47.858696 45.445854]
14586[11.411926  8.40205  13.554424][49.022415 47.858696 44.919617]
14587[11.411926  8.151058 13.554424][48.60746  47.858696 44.984516]
14588[11.411926  8.475029 13.554424][50.13174  47.858696 45.738716]
14589[11.411926  7.9032   13.554424][48.88558  47.858696 43.741226]
14590[11.404003 12.846733 13.537619][43.203793 47.884506 54.82105 ]
14591[11.404003 12.101822 13.537619][41.809776 47.884506 54.85508 ]
14592[11.404003 12.846733 13.537619][43.04072  47.884506 55.333008]
14593[11.404003 11.572163 13.537619][41.188515 47.884506 54.770943]
14594[11.404003 12.752407 13.537619][41.638306 47.884506 54.760597]
14595[11.404003 12.846733 13.537619][42.758358 47.884506 53.881966]
14596[11.404003 12.846733 13.537619][42.565292 47.884506 54.57007 ]
14597[11.404003 12.846733 13.537619][43.0271   47.884506 55.12192 ]
14598[11.404003 12.846733 13.537619][42.04329  47.884506 54.92083 ]
14599[11.404003 12.846733 13.537619][42.032307 47.884506 54.87626 ]
14615[ 6.6073875 12.838249  13.545895 ][38.92981  47.876045 56.335564]
14616[ 6.0560265 12.838249  13.545895 ][38.92981  47.876045 55.78654 ]
14670[11.405506 12.832783 13.551506][42.32152  47.870377 52.61032 ]
14672[11.405506 12.832783 13.551506][43.545975 47.870377 53.075703]
14675[11.405506 12.832783 13.551506][43.629913 47.870377 53.54363 ]
14676[11.405506 12.832783 13.551506][43.882214 47.870377 53.558617]
14677[11.405506 12.832783 13.551506][43.724884 47.870377 53.097527]
14678[11.405506 12.832783 13.551506][43.659245 47.870377 53.108486]
