31645[10.912348 10.750946 13.550819][39.757374 47.87081  52.06426 ]
31753[11.149952 12.829426 13.548077][39.201626 47.867184 52.083027]
32171[11.394215  12.8361435 13.5531845][42.25537  47.87385  51.413044]
32172[11.394215  12.8361435 13.5531845][41.590652 47.87385  52.022003]
32174[11.394215  12.8361435 13.5531845][42.782936 47.87385  51.24685 ]
32175[11.394215  12.8361435 13.5531845][42.761192 47.87385  51.72197 ]
32176[11.394215  12.8361435 13.5531845][41.73427 47.87385 50.98578]
32179[11.394215  12.8361435 13.5531845][42.59207  47.87385  52.403435]
32620[11.403553 12.828316 13.547348][44.29157 47.86593 48.49866]
32621[11.403553 12.828316 13.547348][42.733974 47.86593  49.731358]
32622[11.403553 12.828316 13.547348][43.33162 47.86593 48.59813]
32623[11.403553 12.828316 13.547348][43.259422 47.86593  49.020153]
32624[11.403553 12.828316 13.547348][44.327377 47.86593  47.939285]
32625[11.403553 12.828316 13.547348][44.023666 47.86593  48.629475]
32626[11.403553 12.828316 13.547348][44.003742 47.86593  47.242233]
32627[11.403553 12.828316 13.547348][43.475956 47.86593  48.202797]
32628[11.403553 12.828316 13.547348][44.35312  47.86593  48.119198]
32629[11.403553 12.828316 13.547348][44.092804 47.86593  49.38454 ]
32690[11.405237  9.365456 13.560177][44.58633  47.861687 50.64808 ]
32692[11.405237 10.199438 13.560177][45.50691  47.861687 52.304455]
32694[11.405237  9.186047 13.560177][44.19567  47.861687 51.14973 ]
32695[11.405237  9.070955 13.560177][44.67534  47.861687 50.563366]
