11392[11.3953285 12.838184  13.552296 ][41.85859  47.875896 50.000477]
11393[11.3953285 12.838184  13.552296 ][42.59978  47.875896 50.025955]
11395[11.3953285 12.838184  13.552296 ][41.799515 47.875896 48.563408]
11396[11.3953285 12.838184  13.552296 ][42.096672 47.875896 49.72433 ]
11398[11.3953285 12.838184  13.552296 ][42.62274  47.875896 48.494034]
11461[11.412186 12.825695 13.552601][44.592304 47.863136 45.442726]
11540[10.742073 10.686016 13.541109][39.954987 47.87327  52.334396]
11541[ 9.971115 11.897203 13.541109][39.8844   47.87327  51.578217]
11905[11.402004 11.101374 13.567059][44.966007 47.85743  51.47233 ]
12050[11.406733  9.839169 13.538622][46.596096 47.847237 50.605373]
12051[11.406733 10.715307 13.538622][46.16695  47.847237 51.00763 ]
12052[11.406733 10.980503 13.538622][48.422905 47.847237 49.45151 ]
12053[11.406733 10.402679 13.538622][48.535004 47.847237 49.66507 ]
12054[11.406733 11.186283 13.538622][47.366707 47.847237 50.450245]
12055[11.406733 11.468718 13.538622][45.44108  47.847237 50.750763]
12056[11.406733 11.51366  13.538622][47.716866 47.847237 49.252655]
12057[11.406733 11.481087 13.538622][48.472805 47.847237 49.91437 ]
12058[11.406733 11.555637 13.538622][46.306683 47.847237 49.523697]
12059[11.406733 10.789303 13.538622][46.485134 47.847237 50.6397  ]
12171[11.387802 12.799498 13.5784  ][44.664173 47.836914 50.441772]
12173[11.387802 12.799498 13.5784  ][43.7666   47.836914 51.019352]
12179[11.387802 12.736231 13.5784  ][43.05633  47.836914 51.73049 ]
