33977[11.396265  5.799752 13.535755][44.32612  47.862457 49.61595 ]
34180[11.392803 12.33823  13.551941][39.67492 47.89013 51.76214]
34184[10.555227 11.546078 13.551941][38.930695 47.89013  51.86469 ]
34185[11.392803  11.8524475 13.551941 ][39.37262  47.89013  51.806087]
34187[10.676001 11.616833 13.551941][38.930695 47.89013  51.47523 ]
34430[11.401636 12.012825 13.548481][45.026814 47.864933 49.757725]
34431[11.401636 12.827314 13.548481][46.057228 47.864933 47.759315]
34434[11.401636 12.827314 13.548481][46.013184 47.864933 47.349827]
34435[11.401636 12.538189 13.548481][45.142517 47.864933 48.741146]
34436[11.401636 12.827314 13.548481][45.7679   47.864933 49.39706 ]
34437[11.401636 12.448166 13.548481][44.23638  47.864933 50.003017]
34438[11.401636 12.413736 13.548481][45.622513 47.864933 48.76446 ]
34439[11.401636 12.827314 13.548481][46.716103 47.864933 49.691715]
34862[ 7.155632 11.422436 13.556629][38.93334  47.87366  55.870235]
34863[ 6.763565 11.044987 13.556629][38.93334  47.87366  55.414265]
34867[ 5.4360476 11.119619  13.556629 ][38.93334  47.87366  56.013664]
34875[11.3909   12.833786 13.554932][42.526268 47.871555 52.026527]
