6920[11.3979225 12.834862  13.546856 ][45.200214 47.87256  49.524338]
6924[11.3979225 12.834862  13.546856 ][45.841755 47.87256  48.550888]
6928[11.3979225 12.834862  13.546856 ][45.474663 47.87256  48.847904]
6941[11.395954 12.831324 13.556141][43.888348 47.868988 48.3059  ]
6947[11.395954 12.831324 13.556141][45.02211  47.868988 47.899624]
6998[11.38014  11.72241  13.530167][41.740322 47.85761  50.724094]
7510[11.386677 12.84263  13.558241][45.286777 47.88046  48.349346]
7511[11.386677 12.84263  13.558241][47.459385 47.88046  47.54715 ]
7512[11.386677 12.84263  13.558241][46.242973 47.88046  48.538364]
7513[11.386677 12.84263  13.558241][45.808624 47.88046  47.64231 ]
7514[11.386677 12.84263  13.558241][47.534462 47.88046  47.141254]
7516[11.386677 12.84263  13.558241][46.777275 47.88046  48.633636]
7517[11.386677 12.84263  13.558241][47.157513 47.88046  48.887825]
7518[11.386677 12.84263  13.558241][47.383316 47.88046  49.036404]
7519[11.386677 12.84263  13.558241][45.60465  47.88046  47.315975]
7550[11.389383  12.8186035 13.57272  ][43.880783 47.85619  49.37799 ]
7552[11.389383  12.8186035 13.57272  ][44.743217 47.85619  47.48276 ]
7553[11.389383  12.8186035 13.57272  ][44.023563 47.85619  48.43999 ]
7555[11.389383  12.8186035 13.57272  ][44.13269  47.85619  49.391605]
7556[11.389383  12.8186035 13.57272  ][43.451168 47.85619  48.793594]
7557[11.389383  12.8186035 13.57272  ][43.27555  47.85619  47.258057]
7558[11.389383  12.8186035 13.57272  ][44.03978 47.85619 48.60738]
7580[11.399933 10.369717 13.565779][41.033714 47.88093  48.406216]
7600[11.392757 12.832201 13.553535][44.721867 48.417595 48.15963 ]
7601[11.392757 12.832201 13.553535][45.289116 47.869923 47.974277]
7603[11.392757 12.832201 13.553535][46.315918 47.869923 47.044388]
7604[11.392757 12.832201 13.553535][45.5577   47.869923 47.111362]
7606[11.392757 12.832201 13.553535][45.9906   48.5405   45.550537]
7607[11.392757 12.832201 13.553535][45.915726 48.433876 48.18345 ]
7608[11.392757 12.832201 13.553535][46.882465 48.422688 47.57268 ]
7609[11.392757 12.832201 13.553535][45.289345 48.5363   46.849617]
7654[11.388203 12.836834 13.560604][43.49181  50.70482  45.799244]
7893[11.395023 12.049416 13.5457  ][41.479027 47.85782  49.033337]
