20364[ 7.7232666 12.81929   13.564198 ][38.925674 47.856926 54.43666 ]
20560[ 8.8905525 12.849936  13.556252 ][38.953186 47.887543 54.26697 ]
20561[ 7.829548 12.849936 13.556252][38.953186 47.887543 54.39502 ]
20566[ 8.151047 12.849936 13.556252][38.953186 47.887543 54.308315]
20619[11.443764  12.762892  13.5447235][43.373642 47.799644 49.112915]
20686[11.096239 12.83095  13.580215][38.945915 47.86871  52.154274]
20715[11.278994 12.817202 13.556137][40.108917 47.85473  52.2895  ]
20782[ 9.236948 10.927828 13.551689][38.92716  47.875847 51.708706]
20784[ 8.874756 11.564234 13.551689][38.92716  47.875847 52.297314]
20785[ 8.9294815 11.690386  13.551689 ][38.92716  47.875847 51.219627]
20787[ 9.8572235 10.196632  13.551689 ][38.92716  47.875847 51.81354 ]
20964[11.403078 12.825586 13.558537][49.91719  47.863113 45.810402]
21011[ 8.435287 12.832195 13.558758][38.93491 47.86984 55.65207]
21013[ 8.1746025 12.832195  13.558758 ][38.93491  47.86984  54.980682]
21014[ 8.952398 12.832195 13.558758][38.93491 47.86984 55.9409 ]
21015[ 8.653187 12.832195 13.558758][38.93491  47.86984  54.738472]
21016[ 9.458061 12.832195 13.558758][38.93491  47.86984  55.852634]
21017[10.077122 12.832195 13.558758][39.650215 47.86984  53.783775]
21120[11.393139 12.823393 13.547131][44.187386 47.861034 47.59819 ]
21140[11.403685 12.823067 13.557526][50.70661  47.86056  46.475994]
21190[11.392803 12.819365 13.551529][43.377693 47.85698  48.13129 ]
21218[11.394257  12.8374405 13.542055 ][41.164505 47.875237 52.541683]
21284[11.4019985 12.826805  13.562443 ][49.423885 47.864346 44.98527 ]
21290[11.405312  9.584814 13.558514][39.80957  47.858524 49.40292 ]
21346[11.214695 12.827929 13.552723][39.80781  47.8656   52.035934]
21410[ 8.376564  12.8385105 13.556843 ][38.928535 47.876278 53.65406 ]
21411[ 9.186218  12.8385105 13.556843 ][38.928535 47.876278 54.16367 ]
21412[ 8.158815  12.8385105 13.556843 ][38.928535 47.876278 54.21406 ]
21413[ 9.595009  12.8385105 13.556843 ][38.928535 47.876278 54.037327]
21414[ 8.976944  12.8385105 13.556843 ][38.928535 47.876278 54.07657 ]
21415[ 8.930872  12.8385105 13.556843 ][38.928535 47.876278 53.070698]
21416[ 7.266308  12.8385105 13.556843 ][38.928535 47.876278 54.296417]
21417[ 9.113464  12.8385105 13.556843 ][38.928535 47.876278 54.694923]
