22600[11.3913555 12.835194  13.54678  ][40.68755  47.872963 52.648514]
22690[11.392994 12.827517 13.540033][43.636105 47.865257 47.884674]
22695[11.392994 12.827517 13.540033][42.521652 47.865257 48.725277]
22697[11.392994 12.827517 13.540033][43.35208  47.865257 47.983246]
22699[11.392994 12.827517 13.540033][44.04465  47.865257 48.87802 ]
22766[11.397343 12.303707 13.554138][43.6443   47.873814 49.428722]
22769[11.397343 12.291389 13.554138][42.930996 47.873814 49.53712 ]
22795[11.393707 12.825823 13.548128][42.61053 47.8635  50.59351]
22798[11.393707 12.825823 13.548128][42.764606 47.8635   51.27936 ]
22799[11.393707 12.825823 13.548128][42.55664 47.8635  51.34386]
22850[11.393978 12.82472  13.546396][44.28263  47.86241  48.317886]
22852[11.393978 12.82472  13.546396][45.218575 47.86241  46.588547]
22853[11.393978 12.82472  13.546396][45.030724 47.86241  48.111366]
22857[11.393978 12.82472  13.546396][45.349415 47.86241  47.878853]
22902[11.398493 12.832539 13.54064 ][40.81105  47.870247 51.315056]
23041[11.395102 12.826981 13.545189][44.099537 47.864662 48.093616]
23043[11.395102 12.826981 13.545189][43.521908 47.864662 48.26514 ]
23056[11.3932   12.827923 13.556938][39.91008  47.865604 51.08314 ]
23058[11.3932   12.827923 13.556938][40.13526  47.865604 52.12355 ]
23101[11.4010315 12.744858  13.554512 ][41.635353 47.874195 49.69349 ]
23104[11.4010315 12.836544  13.554512 ][42.158226 47.874195 49.451714]
23140[10.0890045 12.835758  13.55183  ][38.92745  47.873528 53.332756]
23141[ 8.057232 12.835758 13.55183 ][38.92745  47.873528 52.986557]
23144[ 9.972511 12.835758 13.55183 ][38.92745  47.873528 52.59758 ]
23145[ 9.176865 12.835758 13.55183 ][38.92745  47.873528 53.61068 ]
23148[10.593063 12.835758 13.55183 ][39.410496 47.873528 52.581863]
23149[ 9.458111 12.835758 13.55183 ][38.92745  47.873528 54.043533]
23160[ 7.634392 12.831194 13.558765][38.927555 47.86892  54.595932]
23162[ 8.247662 12.831194 13.558765][38.927555 47.86892  54.525425]
23163[ 8.592876 12.831194 13.558765][38.927555 47.86892  54.442387]
23164[ 7.9708004 12.831194  13.558765 ][38.927555 47.86892  54.97718 ]
23165[ 7.7295246 12.831194  13.558765 ][38.927555 47.86892  55.406967]
23166[ 7.016865 12.831194 13.558765][38.927555 47.86892  56.01753 ]
23167[ 8.455093 12.831194 13.558765][38.927555 47.86892  55.329796]
23168[ 6.787794 12.831194 13.558765][38.927555 47.86892  56.11472 ]
23169[ 7.616295 12.831194 13.558765][38.927555 47.86892  54.718334]
23172[ 9.843573 11.311047 13.571461][38.920513 47.897568 52.126564]
23430[11.393751 12.823627 13.54464 ][45.25899  47.8613   46.940327]
23432[11.393751 12.823627 13.54464 ][45.52845 47.8613  46.44525]
23436[11.393751 12.823627 13.54464 ][46.386723 47.8613   47.638863]
23438[11.393751 12.823627 13.54464 ][46.010696 47.8613   48.099586]
23441[11.396837 12.831255 13.547838][42.540234 47.868954 51.661263]
23490[11.212524 12.821867 13.558575][39.81968  47.859406 52.366425]
23530[11.3316765 12.827116  13.56422  ][40.06464  47.864788 52.67242 ]
23531[10.597725 12.827116 13.56422 ][39.382248 47.864788 54.370434]
23532[10.595188 12.827116 13.56422 ][39.41021  47.864788 53.885918]
23533[11.322128 12.827116 13.56422 ][39.962524 47.864788 53.94623 ]
23534[10.569881 12.827116 13.56422 ][39.020393 47.864788 53.91228 ]
23535[ 9.97596  12.827116 13.56422 ][38.92992  47.864788 54.375732]
23536[10.634457 12.827116 13.56422 ][39.01763  47.864788 53.509422]
23537[ 8.403717 12.827116 13.56422 ][38.92992  47.864788 54.03922 ]
23539[11.391981 12.827116 13.56422 ][40.252937 47.864788 53.80187 ]
23566[ 8.482527 12.824642 13.562836][38.92696  47.862305 54.68743 ]
23568[ 9.183823 12.824642 13.562836][38.92696  47.862305 53.48114 ]
23573[11.404154  9.493778 13.55061 ][40.785095 47.8648   48.245296]
23630[ 9.903687 12.831173 13.553061][38.935352 47.86884  53.946594]
23632[10.828804 12.831173 13.553061][39.99339 47.86884 54.72282]
23633[10.911711 12.831173 13.553061][39.876957 47.86884  54.75021 ]
23635[ 9.547119 12.831173 13.553061][38.935352 47.86884  53.938725]
23636[10.104414 12.831173 13.553061][39.397484 47.86884  54.60385 ]
23637[11.397404 12.831173 13.553061][40.985268 47.86884  54.1391  ]
23638[ 9.8411255 12.831173  13.553061 ][39.141464 47.86884  53.70663 ]
23639[10.677153 12.831173 13.553061][39.75206  47.86884  53.809475]
23644[ 8.665827  12.831505  13.5624275][38.92497  47.869244 53.631306]
23648[ 9.521286  12.831505  13.5624275][38.92497  47.869244 53.57108 ]
23684[10.998959 12.82337  13.5562  ][39.347965 47.86096  51.369797]
23688[11.398573 12.82337  13.5562  ][39.595306 47.86096  52.01119 ]
23723[11.397762  9.908913 13.549023][40.839787 47.862762 48.316566]
