19221[11.40494  12.820789 13.546453][45.49327  47.85832  49.056183]
19222[11.40494  12.820789 13.546453][47.429108 47.85832  49.663628]
19225[11.40494  12.820789 13.546453][45.983727 47.85832  50.016537]
19227[11.40494  12.820789 13.546453][45.370613 47.85832  50.032124]
19228[11.40494  12.820789 13.546453][47.688736 47.85832  49.368362]
19229[11.40494  12.820789 13.546453][45.571564 47.85832  48.766483]
19259[11.4079895  6.0485    12.260941 ][53.440845 47.8609   40.953144]
19306[11.4029045  7.029709   3.6811028][48.187405 47.863518 40.95075 ]
19321[11.408508  6.264429 10.582954][53.57987  47.888565 40.927418]
19324[11.408508   6.4491863 10.384266 ][53.58088  47.888565 40.927418]
19327[11.408508  5.451042 11.135601][51.8369   47.888565 40.927418]
19334[ 7.5991573  8.448288  13.5515175][38.936302 47.86895  55.079338]
19336[ 8.381916   8.300419  13.5515175][38.936302 47.86895  55.09612 ]
19338[ 8.060501   8.638981  13.5515175][38.936302 47.86895  55.224045]
19339[ 8.11731    9.180517  13.5515175][38.936302 47.86895  55.31027 ]
19377[11.399836  12.790068  13.5468025][43.765846 47.82744  51.23738 ]
19379[11.399836  12.790068  13.5468025][45.543217 47.82744  51.239464]
19461[11.395313  12.2437935 13.548702 ][40.256058 47.869183 53.698254]
19462[11.395313 12.212387 13.548702][39.116463 47.869183 53.58495 ]
19465[11.395313 12.598265 13.548702][39.479534 47.869183 53.0697  ]
19466[11.395313 12.244602 13.548702][38.985027 47.869183 54.192226]
19467[10.4374695 11.74951   13.548702 ][38.933258 47.869183 54.238346]
19491[10.299883 10.128302 13.55146 ][38.934994 47.883724 53.03576 ]
19496[10.709066 11.711922 13.55146 ][38.934994 47.883724 53.392204]
19510[11.409882  9.957022 13.536976][46.092113 47.88016  49.70747 ]
19511[11.409882  9.547577 13.536976][45.068035 47.88016  49.430595]
19512[11.409882 10.58474  13.536976][45.08943  47.88016  50.345993]
19513[11.409882 11.820887 13.536976][45.71539  47.88016  49.839867]
19514[11.409882 10.140299 13.536976][46.469166 47.88016  50.102905]
19515[11.409882  9.613201 13.536976][44.86104  47.88016  49.708572]
19517[11.409882  9.399908 13.536976][44.722366 47.88016  50.21757 ]
19519[11.409882 11.449276 13.536976][43.30194 47.88016 49.72088]
19521[11.4079895  7.80097   13.553883 ][48.752556 47.863525 47.16153 ]
19522[11.4079895  7.240017  13.553883 ][48.702282 47.863525 47.485176]
19523[11.4079895  8.628069  13.553883 ][49.685253 47.863525 47.724957]
19524[11.4079895  6.9507027 13.553883 ][49.07715  47.863525 46.797997]
19526[11.4079895  8.721264  13.553883 ][49.239037 47.863525 47.31385 ]
19527[11.4079895  8.865942  13.553883 ][47.500664 47.863525 47.33335 ]
19528[11.4079895  7.349552  13.553883 ][49.254147 47.863525 47.462128]
19529[11.4079895  7.2394695 13.553883 ][48.993    47.863525 47.539894]
19531[ 9.003136  10.088026  13.5512085][38.92745  47.87731  52.036964]
19534[ 9.849323  10.082878  13.5512085][38.92745  47.87731  51.881813]
19535[ 9.225105   9.915321  13.5512085][38.92745 47.87731 52.37306]
19537[ 8.984097  10.868286  13.5512085][38.92745  47.87731  53.462475]
19538[ 8.592957  10.778299  13.5512085][38.92745  47.87731  52.538586]
19539[10.385136  10.939051  13.5512085][38.92745  47.87731  53.026142]
19562[11.4079895  6.1219177 10.538452 ][53.44027  47.8609   40.953144]
19565[11.4079895  7.0838737 11.36632  ][54.17784  47.8609   40.953144]
19567[11.4079895  6.678385  11.579729 ][53.597004 47.8609   40.953144]
19650[11.40307  12.831488 13.547173][43.91159 47.86913 52.83918]
19651[11.40307  11.180885 13.547173][45.320038 47.86913  53.392067]
19680[11.406622   5.9542418 12.501347 ][52.873104 47.860123 40.953556]
19683[11.406622  5.990818 10.75029 ][53.066154 47.860123 40.953556]
19684[11.406622   5.7352676 11.665171 ][52.824966 47.860123 40.953556]
19686[11.406622  5.789998 12.039278][52.836975 47.860123 40.953556]
19687[11.406622   5.8087215 11.311338 ][52.18225  47.860123 40.953556]
19688[11.406622  5.455146 11.410788][52.05925  47.860123 40.953556]
19689[11.406622   6.5735893 12.221588 ][52.46292  47.860123 40.953556]
19750[11.400349  12.828417  13.5586815][42.672966 47.866013 49.64    ]
19751[11.400349  12.828417  13.5586815][42.479797 47.866013 48.332214]
19752[11.400349  12.828417  13.5586815][42.94502  47.866013 48.931377]
19753[11.400349  12.828417  13.5586815][45.00104  47.866013 48.202263]
19754[11.400349  12.828417  13.5586815][44.0503   47.866013 49.04729 ]
19755[11.400349  12.828417  13.5586815][42.067562 47.866013 48.513195]
19756[11.400349  12.828417  13.5586815][42.880104 47.866013 49.208065]
19757[11.400349  12.828417  13.5586815][41.71239  47.866013 49.819244]
19798[11.407028   5.5821037  8.492069 ][48.944508 47.908134 40.92776 ]
19867[11.395464 11.048107 13.555386][38.933388 47.882347 51.439938]
19871[11.400911 11.739973 13.543547][39.611828 47.870296 51.880844]
19872[11.400911 10.557434 13.543547][39.515343 47.870296 51.610332]
19875[10.476231 12.009357 13.543547][38.938866 47.870296 51.828312]
19901[11.408508  5.711233 11.229706][52.907383 47.888565 40.927418]
19902[11.408508  4.409748 11.239159][51.44019  47.888565 40.927418]
19903[11.408508  4.643858 10.91876 ][51.77515  47.888565 40.927418]
19906[11.408508  5.695301 10.438213][51.792458 47.888565 40.927418]
19940[11.405268 12.840078 13.54426 ][49.23071  47.87775  44.368916]
19946[11.405268 12.840078 13.54426 ][50.234135 47.87775  43.36531 ]
19990[11.396267 12.825447 13.545368][43.781807 47.8631   48.39362 ]
19992[11.396267 12.825447 13.545368][44.01283  47.8631   48.921787]
19993[11.396267 12.825447 13.545368][44.48583 47.8631  47.54318]
19994[11.396267 12.825447 13.545368][43.896034 47.8631   48.21674 ]
19995[11.396267 12.825447 13.545368][44.950268 47.8631   46.795162]
19998[11.396267 12.693132 13.545368][44.074543 47.8631   47.170006]
20010[11.400459 12.823055 13.543465][43.771564 47.860664 47.45693 ]
20011[11.400459 12.823055 13.543465][44.692993 47.860664 48.718525]
20012[11.400459 12.823055 13.543465][43.74206  47.860664 47.446255]
20015[11.400459 12.823055 13.543465][44.37723  47.860664 47.9293  ]
20016[11.400459 12.823055 13.543465][45.040386 47.860664 46.670555]
20018[11.400459 12.823055 13.543465][44.83072  47.860664 46.635025]
20112[11.393234 12.817717 13.561098][43.999958 47.85529  47.56599 ]
20115[11.393234 12.817717 13.561098][43.84335 47.85529 48.14955]
20117[11.393234 12.817717 13.561098][44.435562 47.85529  47.553776]
20118[11.393234 12.817717 13.561098][44.88298 47.85529 48.26933]
20155[ 8.758526 12.820549 13.54973 ][38.940422 47.858097 53.001778]
20190[11.398062 12.820969 13.55649 ][43.99891 47.85853 47.67444]
20193[11.398062 12.820969 13.55649 ][45.277367 47.85853  48.26146 ]
20196[11.398062 12.820969 13.55649 ][44.1694  47.85853 48.74004]
20198[11.398062 12.820969 13.55649 ][44.74762 47.85853 48.42371]
20213[11.399469 12.836239 13.551567][40.901657 47.87391  50.05771 ]
20274[11.395527 12.818562 13.552593][43.62435  47.856163 48.585247]
20275[11.395527 12.818562 13.552593][44.31228  47.856163 47.324394]
20276[11.395527 12.818562 13.552593][44.50608  47.856163 48.98851 ]
