27148[11.397409 12.831932 13.550247][42.557148 47.95481  51.121258]
27213[11.409756 12.832649 13.554157][50.74961  47.87018  40.951996]
27214[11.409756 12.832649 13.554157][52.461037 47.87018  40.951996]
27290[11.401058 12.837469 13.538786][49.10571  49.89791  42.266407]
27292[11.401058 12.837469 13.538786][49.125317 49.985657 42.938282]
27294[11.401058 12.837469 13.538786][48.625446 52.809193 42.46594 ]
27295[11.401058 12.837469 13.538786][49.08463  52.587666 42.58922 ]
27296[11.401058 12.837469 13.538786][48.989292 52.135128 41.67688 ]
27297[11.401058 12.837469 13.538786][49.140186 51.933258 43.503403]
27299[11.401058 12.837469 13.538786][48.823704 52.914345 43.532658]
27310[11.421913 12.562206 13.560024][43.452557 47.85579  44.910625]
27314[11.421913 12.818493 13.560024][44.42487 47.85579 45.93657]
27322[11.396414 12.831495 13.553148][45.184223 47.86918  49.470848]
27369[11.405714 12.823793 13.554642][52.002815 48.16469  40.95245 ]
27520[11.395372 12.831932 13.547894][42.047485 47.86966  51.9083  ]
27522[11.395372 12.831932 13.547894][42.439312 47.86966  52.57224 ]
27525[11.395372 12.831932 13.547894][43.557865 47.86966  51.13489 ]
27527[11.395372 12.831932 13.547894][41.90957  47.86966  51.784378]
27529[11.395372 12.831932 13.547894][43.931248 47.86966  51.305634]
27686[11.404743 12.829592 13.553986][51.278984 48.51416  40.951828]
27702[11.366486 12.819088 13.602276][43.603855 47.85678  49.502396]
27703[11.366486 12.819088 13.602276][42.970524 47.85678  47.536373]
27707[11.366486 12.819088 13.602276][42.915512 47.85678  47.93076 ]
27709[11.366486 12.819088 13.602276][42.46397 47.85678 48.41735]
27777[11.407734 12.827843 13.548931][50.940083 47.865406 40.94678 ]
27855[10.7090225 12.858107  13.558365 ][38.945297 47.895836 56.030334]
27858[11.167088 12.858107 13.558365][38.945297 47.895836 55.409225]
27945[11.407734 12.827843 13.548931][51.79897  47.865406 40.94678 ]
28021[11.377638 12.842016 13.534397][44.029137 48.116447 44.896057]
28056[11.377743 12.827103 13.514435][42.77731  48.102577 45.1362  ]
28073[11.393013  11.003616  13.5562935][41.068493 47.871433 52.134308]
28075[11.393013  10.715523  13.5562935][40.394485 47.871433 52.257706]
28079[11.393013  10.569517  13.5562935][40.110146 47.871433 51.74841 ]
28110[10.477623 12.833433 13.550758][38.935066 47.871124 55.96221 ]
28111[11.3971195 12.833433  13.550758 ][41.748867 47.871124 54.607525]
28113[11.3971195 12.833433  13.550758 ][40.05317  47.871124 54.04984 ]
28115[10.909466 12.833433 13.550758][39.59748  47.871124 54.953987]
28116[11.3971195 12.833433  13.550758 ][40.04699  47.871124 55.106876]
28117[ 9.863665 12.833433 13.550758][38.935066 47.871124 55.64805 ]
28118[11.142305 12.833433 13.550758][39.166626 47.871124 55.275406]
28119[11.3971195 12.833433  13.550758 ][40.60098  47.871124 56.181046]
28222[11.372778 12.823362 13.562742][42.98709  50.488384 44.515175]
