24867[11.396908 12.83399  13.55825 ][47.134407 48.79383  45.129852]
24868[11.396908 12.83399  13.55825 ][47.39736  47.871666 46.751316]
24881[11.405714 12.823793 13.554642][52.470276 48.647915 40.95245 ]
24897[11.383638 12.824171 13.558125][46.51141  47.861908 47.254536]
24979[11.349955 12.825701 13.577724][44.152046 47.863712 49.233524]
25012[11.404842 12.821644  9.564648][52.965927 48.691757 40.945957]
25018[11.404842 12.821644 10.749653][53.135612 49.785    41.34515 ]
25045[11.395281 12.83165  13.570545][43.967297 47.869247 49.58031 ]
25048[11.395281 12.83165  13.570545][43.923473 47.869247 50.042213]
25080[ 7.921139 12.833763 13.563732][38.925293 47.871513 54.43609 ]
25081[ 8.893269 12.833763 13.563732][38.925293 47.871513 54.502285]
25084[ 9.450253 12.833763 13.563732][38.925293 47.871513 54.700764]
25085[ 8.718033 12.833763 13.563732][38.925293 47.871513 54.977604]
25087[ 8.713648 12.833763 13.563732][38.925293 47.871513 54.119934]
25088[ 9.071548 12.833763 13.563732][38.925293 47.871513 55.22409 ]
25089[ 9.136513 12.833763 13.563732][38.925293 47.871513 54.20917 ]
25090[11.395962 12.831337 13.553236][43.597942 47.869026 48.346634]
25165[10.5998   12.831291 13.553463][38.93511  47.868927 55.188557]
25171[11.405714 12.823793 13.554642][51.40876  47.861298 40.95245 ]
25210[11.406807 12.835405 13.288967][51.16488  47.872974 40.954395]
25315[11.405031 12.827253 13.552584][52.74708  48.758083 40.9504  ]
25316[11.405031 12.827253 13.552584][51.18083  47.864822 40.9504  ]
25319[11.405031 12.827253 13.552584][52.39937  47.864822 40.9504  ]
25384[11.395063 12.827126 13.554382][45.415672 47.864784 46.57201 ]
25415[11.394297 12.826668 13.224064][49.582245 47.869835 40.94756 ]
25474[11.376137  12.814112  13.5677185][45.96353  47.851814 46.115807]
25603[11.40703  12.826632 13.554377][51.156647 47.864143 40.952198]
25605[11.40703  12.826632 13.554377][52.73846  48.532658 40.952198]
25687[11.40703  12.826632 13.554377][50.916084 47.864143 40.952198]
25950[11.395273 12.815718 13.575762][50.854256 48.103485 40.973415]
25954[11.395273 12.815718 13.575762][50.311295 47.85321  40.973415]
25958[11.395273 12.815718 13.575762][52.46508  47.85321  40.973415]
25959[11.395273 12.815718 13.575762][51.635704 47.85321  40.973415]
