18156[11.411552   6.3012257 11.589512 ][52.360428 47.858437 40.950333]
18262[11.408495   5.3953733 11.114967 ][51.844658 47.861084 40.952713]
18355[11.405392 12.816851 13.555008][44.853012 47.854347 51.307873]
18430[11.410233   5.7738647 11.439486 ][52.958504 47.862114 40.949326]
18433[11.410233  6.237608 12.372105][52.768803 47.862114 40.949326]
18437[11.410233   6.0972233 12.904144 ][52.90325  47.862114 40.949326]
18440[11.411711 10.487652 13.530334][47.622528 47.89228  50.498543]
18441[11.411711   7.3965073 13.530334 ][47.791557 47.89228  52.091278]
18442[11.411711  8.712372 13.530334][49.32003 47.89228 51.64569]
18443[11.411711  7.291443 13.530334][48.214207 47.89228  51.26877 ]
18444[11.411711  8.866444 13.530334][48.631737 47.89228  51.567837]
18445[11.411711  8.886322 13.530334][47.546246 47.89228  51.86152 ]
18446[11.411711  9.320885 13.530334][47.09505  47.89228  51.800568]
18447[11.411711  9.909996 13.530334][47.26635 47.89228 51.34706]
18448[11.411711  9.706371 13.530334][46.012928 47.89228  51.151016]
18449[11.411711  8.744011 13.530334][46.441074 47.89228  51.707203]
18450[11.392479 12.827829 13.552559][42.146194 47.865517 51.710556]
18451[11.392479 12.827829 13.552559][42.207973 47.865517 51.934998]
18452[11.392479 12.827829 13.552559][42.99214  47.865517 52.99609 ]
18453[11.392479 12.827829 13.552559][41.500454 47.865517 52.74905 ]
18454[11.392479 12.827829 13.552559][42.627747 47.865517 50.886066]
18455[11.392479 12.827829 13.552559][43.20497  47.865517 51.611534]
18456[11.392479 12.827829 13.552559][42.2931   47.865517 51.79254 ]
18457[11.392479 12.827829 13.552559][44.316246 47.865517 50.438923]
18458[11.392479 12.827829 13.552559][41.143833 47.865517 52.078526]
18459[11.392479 12.604828 13.552559][42.593124 47.865517 52.1686  ]
18464[ 7.9494343 10.286484  13.551756 ][38.930176 47.86859  56.43045 ]
18465[ 7.9972496  9.224869  13.551756 ][38.930176 47.86859  55.662254]
18530[11.402708 10.593323 13.526905][49.408443 47.88645  44.300137]
18536[11.402708  9.652315 13.526905][48.850113 47.88645  44.259876]
18539[11.402708  9.417244 13.526905][49.977665 47.88645  43.25816 ]
18590[11.406332 12.840454 13.514599][49.266808 47.878242 48.99262 ]
18591[11.406332 12.840454 13.514599][48.215588 47.878242 49.79911 ]
18592[11.406332 12.840454 13.514599][47.820175 47.878242 50.499886]
18593[11.406332 12.840454 13.514599][49.240402 47.878242 51.137287]
18594[11.406332 12.840454 13.514599][49.285004 47.878242 49.99924 ]
18595[11.406332 12.840454 13.514599][49.340057 47.878242 50.11159 ]
18596[11.406332 12.840454 13.514599][49.93525  47.878242 50.10283 ]
18597[11.406332 12.840454 13.514599][49.26891  47.878242 49.54231 ]
18598[11.406332 12.840454 13.514599][49.441772 47.878242 50.670994]
18599[11.406332 12.840454 13.514599][48.949677 47.878242 49.732887]
18650[11.388233 12.829813 13.545025][43.4538   47.867607 50.7994  ]
18651[11.388233 12.829813 13.545025][42.800884 47.867607 52.23931 ]
18652[11.388233 12.829813 13.545025][41.117    47.867607 51.622227]
18653[11.388233 12.829813 13.545025][43.824017 47.867607 51.88325 ]
18654[11.388233 12.829813 13.545025][41.458157 47.867607 51.693775]
18655[11.388233 12.829813 13.545025][43.28138  47.867607 51.31346 ]
18656[11.388233 12.829813 13.545025][42.578125 47.867607 50.88497 ]
18657[11.388233 12.829813 13.545025][41.753204 47.867607 50.72996 ]
18658[11.388233 12.829813 13.545025][42.869667 47.867607 50.785866]
18659[11.388233 12.829813 13.545025][41.172623 47.867607 52.435024]
18701[11.413195  9.68125  13.5411  ][49.220974 47.865105 48.275265]
18702[11.413195  8.774223 13.5411  ][49.032307 47.865105 46.629246]
18703[11.413195   7.6374416 13.5411   ][48.17336  47.865105 47.554996]
18704[11.413195  8.494436 13.5411  ][48.49549  47.865105 46.579544]
18705[11.413195  8.29438  13.5411  ][48.58475  47.865105 46.48631 ]
18707[11.413195   7.8932095 13.5411   ][48.967915 47.865105 48.141235]
18708[11.413195   7.9067974 13.5411   ][48.296947 47.865105 47.507973]
18709[11.413195   8.2286625 13.5411   ][47.579754 47.865105 47.116596]
18862[11.396849  12.824636  13.5500145][43.44273  47.862274 50.14075 ]
18864[11.396849  12.824636  13.5500145][42.220417 47.862274 52.273804]
18865[11.396849  12.824636  13.5500145][42.800217 47.862274 50.05977 ]
18866[11.396849  12.824636  13.5500145][42.999496 47.862274 50.23761 ]
18867[11.396849  12.824636  13.5500145][42.30997  47.862274 49.48653 ]
18868[11.396849  12.824636  13.5500145][42.10727  47.862274 51.656277]
18869[11.396849  12.824636  13.5500145][42.932434 47.862274 51.535122]
18870[11.389046 12.408211 13.519615][39.070118 47.872704 51.50916 ]
18873[11.389046 12.834799 13.519615][39.620785 47.872704 53.263264]
18875[11.389046 12.834799 13.519615][39.353508 47.872704 52.95897 ]
18876[11.389046 12.834799 13.519615][39.828026 47.872704 51.712532]
18877[11.389046 12.834799 13.519615][40.860703 47.872704 53.169933]
18878[11.389046 12.834799 13.519615][40.576122 47.872704 52.397446]
18879[11.389046 12.834799 13.519615][38.92696  47.872704 52.946995]
18951[11.411552   6.4225197 11.903408 ][53.065628 47.858437 40.950333]
18994[11.219692 10.453587 13.554478][38.928932 47.86818  54.99903 ]
19081[11.4079075  5.8324385 11.414532 ][53.138416 47.861473 40.953007]
19082[11.4079075  6.2315483 11.649214 ][52.92424  47.861473 40.953007]
19087[11.4079075  5.978422  12.255871 ][52.298073 47.861473 40.953007]
19089[11.4079075  5.400242  11.329021 ][52.20176  47.861473 40.953007]
19170[11.403816  9.26955  13.517189][49.778755 47.88592  45.39862 ]
19171[11.403816 10.051315 13.517189][51.055843 47.88592  46.74917 ]
19172[11.403816  9.842579 13.517189][49.501526 47.88592  45.46787 ]
19173[11.403816  9.764887 13.517189][50.794353 47.88592  45.544563]
19174[11.403816  8.352379 13.517189][50.61952  47.88592  46.178043]
19175[11.403816  8.863832 13.517189][48.48035 47.88592 45.90343]
19176[11.403816  7.72316  13.517189][48.485638 47.88592  45.99925 ]
19177[11.403816  9.955891 13.517189][48.62231  47.88592  45.183994]
19178[11.403816   9.3900795 13.517189 ][50.305164 47.88592  45.681007]
19179[11.403816  9.597931 13.517189][49.677773 47.88592  46.5613  ]
19190[11.384857 12.829321 13.565176][43.355476 47.86705  50.970665]
19192[11.384857 12.829321 13.565176][43.67182  47.86705  50.553696]
19193[11.384857 12.829321 13.565176][42.716034 47.86705  51.904003]
19194[11.384857 12.829321 13.565176][43.439346 47.86705  50.89968 ]
19195[11.384857 12.829321 13.565176][42.640667 47.86705  50.578896]
19196[11.384857 12.829321 13.565176][42.546047 47.86705  51.78538 ]
19197[11.384857 12.829321 13.565176][41.573967 47.86705  51.93187 ]
19198[11.384857 12.829321 13.565176][41.886147 47.86705  51.12149 ]
19199[11.384857 12.829321 13.565176][42.373123 47.86705  52.026314]
