37290[11.397179   12.832834   -0.62177086][54.181778 51.67147  40.94218 ]
37291[11.397179  12.832834   1.3433743][53.374916 53.308475 40.94218 ]
37292[11.397179  12.832834   1.0623941][53.68202  52.287735 40.94218 ]
37293[11.397179  12.832834  -0.5894947][53.786892 53.48829  40.94218 ]
37294[11.397179   12.832834   -0.09953117][54.375526 52.26821  40.94218 ]
37295[11.397179  12.832834   1.1655817][53.204937 52.231644 40.94218 ]
37296[11.397179  12.832834   1.3538494][53.47691 52.78732 40.94218]
37297[11.397179  12.832834   2.0940151][52.108692 52.49047  40.94218 ]
37298[11.397179   12.832834   -0.46239853][54.326897 52.15813  40.94218 ]
37299[11.397179   12.832834    0.06259918][52.201363 52.796913 40.94218 ]
37310[11.397995  12.837311   1.4641457][52.538788 47.87496  40.961853]
37311[11.397995  12.837311  -0.3073969][54.576504 47.87496  40.961853]
37312[11.397995 12.837311  1.431737][52.573578 47.87496  40.961853]
37313[11.397995   12.837311    0.69018555][53.34872  47.87496  40.961853]
37314[11.397995  12.837311   0.5241518][52.232803 47.87496  40.961853]
37315[11.397995   12.837311   -0.62819767][52.91265  47.87496  40.961853]
37316[11.397995 12.837311  1.265955][51.441776 47.87496  40.961853]
37317[11.397995  12.837311   0.6083708][52.133514 47.87496  40.961853]
37318[11.397995  12.837311   0.0996418][53.71767  47.87496  40.961853]
37319[11.397995  12.837311  -0.7189636][53.762177 47.87496  40.961853]
37321[11.389931 12.828218 -6.492016][49.625874 57.68747  40.94688 ]
37322[11.389931  12.828218  -6.5266447][49.280575 58.77765  40.94688 ]
37324[11.389931 12.828218 -6.070283][49.759686 57.196045 40.94688 ]
37325[11.389931 12.828218 -6.637327][50.004574 57.622143 40.94688 ]
37327[11.389931  12.828218  -6.3812323][49.43436  59.294296 40.94688 ]
37329[11.389931  12.828218  -6.2702723][49.899147 56.848873 40.94688 ]
37368[11.395687  12.833031   4.5677786][51.53983 52.61554 40.94506]
37369[11.395687  12.833031   3.1159658][52.431053 54.017365 40.94506 ]
37370[11.394613  12.835014   0.3076887][54.184982 47.872696 40.95322 ]
37371[11.394613   12.835014    0.27351952][54.6299   47.872696 40.95322 ]
37372[11.394613  12.835014  -1.1803608][54.894054 47.872696 40.95322 ]
37373[11.394613   12.835014    0.39664936][54.125214 47.872696 40.95322 ]
37374[11.394613  12.835014  -1.0292368][54.4723   47.872696 40.95322 ]
37375[11.394613  12.835014   0.0797596][54.016956 47.872696 40.95322 ]
37376[11.394613 12.835014  0.781456][52.444233 47.872696 40.95322 ]
37377[11.394613  12.835014   1.0676174][53.587265 47.872696 40.95322 ]
37378[11.394613  12.835014   0.3017807][53.495472 47.872696 40.95322 ]
37379[11.394613  12.835014   1.6872368][52.880066 47.872696 40.95322 ]
37396[11.397535 12.829252 13.55736 ][49.245716 50.18141  40.955173]
37410[11.399797  12.8303795  5.4863443][52.711067 48.678978 40.95136 ]
37411[11.399797  12.8303795  6.3782883][52.714226 49.599533 40.95136 ]
37412[11.399797  12.8303795  6.887415 ][54.011063 50.78006  40.95136 ]
37413[11.399797  12.8303795  5.605438 ][53.53705  49.456642 40.95136 ]
37414[11.399797  12.8303795  6.14872  ][51.957645 49.302322 40.95136 ]
37415[11.399797  12.8303795  7.762989 ][53.200375 49.39314  40.95136 ]
37416[11.399797  12.8303795  7.1402035][52.457535 49.426693 40.95136 ]
37417[11.399797  12.8303795  7.341858 ][52.074238 50.132282 40.95136 ]
37418[11.399797  12.8303795  5.392748 ][52.094944 49.49508  40.95136 ]
37419[11.399797  12.8303795  6.7421684][52.64734  50.792103 40.95136 ]
37420[11.38246   12.8239765 -1.1460114][56.59265  47.861786 40.937378]
37427[11.38246   12.8239765 -1.724474 ][56.683846 47.861786 40.937378]
37441[11.395838  12.829241   2.7610397][54.114662 47.985355 40.943798]
37442[11.395838  12.829241   2.9587536][55.107296 48.078583 40.943798]
37443[11.395838  12.829241   2.8863153][54.678658 47.86695  40.943798]
37445[11.395838  12.829241   3.5695753][53.328453 47.86695  40.943798]
37447[11.395838  12.829241   2.6443462][54.2474   48.392277 40.943798]
37449[11.395838 12.829241  4.30669 ][54.452755 47.86695  40.943798]
37461[11.399664 12.82354   8.589405][53.810425 47.861122 40.949623]
37462[11.399664 12.82354   9.818192][53.72419  47.861122 40.949623]
37463[11.399664 12.82354   9.631805][53.95519  47.861122 40.949623]
37464[11.399664 12.82354   9.125097][54.537983 47.861122 40.949623]
37465[11.399664 12.82354  10.461449][53.530773 47.861122 40.949623]
37468[11.399664 12.82354   9.241425][54.019043 47.861122 40.949623]
37469[11.399664 12.82354  10.710659][54.279232 47.861122 40.949623]
37490[11.400204  12.8196945 10.97736  ][54.58353  47.857254 40.952393]
37500[11.409624   12.8248825  -0.59253216][54.688976 47.862354 40.951454]
37501[11.409624   12.8248825   0.18634796][56.031258 47.862354 40.951454]
37502[11.409624  12.8248825  1.4011421][56.287346 47.862354 40.951454]
37503[11.409624   12.8248825   0.82588387][55.057716 47.862354 40.951454]
37504[11.409624   12.8248825   0.25411987][56.08328  47.862354 40.951454]
37505[11.409624  12.8248825  1.0245733][56.21074  47.862354 40.951454]
37506[11.409624  12.8248825  0.5235977][54.30166  47.862354 40.951454]
37507[11.409624   12.8248825   0.30155945][54.97955  47.862354 40.951454]
37508[11.409624  12.8248825 -0.9144602][56.033474 47.862354 40.951454]
37509[11.409624  12.8248825  1.6602888][54.207386 47.862354 40.951454]
37538[11.398764 12.818274 13.549347][41.160004 63.837944 43.002785]
37551[11.386147  12.8297615  6.65691  ][52.681698 49.877937 40.941307]
37553[11.386147  12.8297615  6.0717297][54.68319  50.080376 40.941307]
37554[11.386147  12.8297615  5.9311333][53.42764  50.461086 40.941307]
37556[11.386147  12.8297615  6.3539658][53.472298 51.637566 40.941307]
37557[11.386147  12.8297615  6.005272 ][52.742855 50.641926 40.941307]
37558[11.386147  12.8297615  5.3165884][54.431164 49.79326  40.941307]
37559[11.386147  12.8297615  5.522731 ][53.45439  49.986256 40.941307]
37560[11.384529  12.827419  -1.1162567][55.55223 47.86524 40.93752]
37561[11.384529  12.827419  -2.3187046][54.7167  47.86524 40.93752]
37562[11.384529 12.827419 -2.282627][56.05838 47.86524 40.93752]
37563[11.384529 12.827419 -2.051509][55.819786 47.86524  40.93752 ]
37564[11.384529  12.827419  -2.9302473][55.73952 47.86524 40.93752]
37565[11.384529  12.827419  -2.8254185][56.30838 47.86524 40.93752]
37566[11.384529  12.827419  -2.8770704][56.34824 47.86524 40.93752]
37567[11.384529  12.827419  -2.0652103][57.080395 47.86524  40.93752 ]
37570[11.397379 12.827049 13.164139][49.59423  51.698414 40.945522]
37572[11.397379 12.827049 13.313534][50.83329  50.052803 40.945522]
37573[11.397379 12.827049 13.118656][50.7261   51.309475 40.945522]
37574[11.397379 12.827049 12.985636][49.34001  49.148674 40.945522]
37575[11.397379 12.827049 13.547634][50.104645 51.67153  40.945522]
37576[11.397379 12.827049 13.083567][49.434048 51.675194 40.945522]
37577[11.397379 12.827049 12.444067][49.1534   50.269104 40.945522]
37578[11.397379 12.827049 13.472994][50.213825 51.25231  40.945522]
37579[11.397379 12.827049 11.929747][49.356037 50.00788  40.945522]
37581[11.363228 12.843792  8.515039][52.441345 49.646626 40.934166]
37590[11.397995  12.837311  -0.3136921][52.885475 47.87496  40.961853]
37591[11.397995  12.837311   1.1500378][52.831665 47.87496  40.961853]
37592[11.397995   12.837311   -0.98805237][53.560863 47.87496  40.961853]
37593[11.397995  12.837311   2.0175877][52.120564 47.87496  40.961853]
37594[11.397995  12.837311   1.0928907][52.384987 47.87496  40.961853]
37595[11.397995 12.837311  0.290802][51.98842  47.87496  40.961853]
37596[11.397995 12.837311  1.220643][52.935703 47.87496  40.961853]
37597[11.397995   12.837311    0.12302208][52.657867 47.87496  40.961853]
37598[11.397995   12.837311    0.39840508][52.811157 47.87496  40.961853]
37599[11.397995   12.837311    0.44571686][54.137386 47.87496  40.961853]
37622[11.390247 12.839062 -5.845751][51.732018 54.96952  40.918293]
37623[11.390247  12.839062  -4.9127274][51.955025 54.484917 40.918293]
37624[11.390247  12.839062  -5.2516594][51.590065 54.400238 40.918293]
37629[11.390247  12.839062  -5.6219864][52.600662 53.58479  40.918293]
37635[11.383362  12.803331  -1.2500877][51.982765 48.123425 40.955154]
37637[11.383362   12.803331   -0.41588688][51.42942  49.155888 40.955154]
37640[11.394173  12.831089  -3.0198393][50.419724 54.10731  40.939926]
37641[11.394173  12.831089  -3.7276316][50.493725 52.45406  40.939926]
37642[11.394173  12.831089  -4.9541245][51.134575 52.38105  40.939926]
37643[11.394173 12.831089 -2.859027][50.90062  52.829216 40.939926]
37644[11.394173  12.831089  -3.4194803][51.532616 53.14967  40.939926]
37645[11.394173  12.831089  -2.5065212][51.635098 53.118286 40.939926]
37646[11.394173 12.831089 -4.03494 ][51.239304 53.643238 40.939926]
37647[11.394173  12.831089  -4.6682625][51.72479  52.90384  40.939926]
37648[11.394173  12.831089  -4.5582027][52.13294  52.40456  40.939926]
37649[11.394173  12.831089  -4.3191433][51.716576 52.318073 40.939926]
37650[11.397408  12.830708   4.8397856][54.3064   49.640102 40.947693]
37651[11.397408 12.830708  6.058075][54.03309  48.52783  40.947693]
37652[11.397408 12.830708  4.413391][54.25355  49.102634 40.947693]
37656[11.397408 12.830708  4.826084][55.247623 49.452156 40.947693]
37658[11.397408 12.830708  5.093313][54.65663  49.70368  40.947693]
37661[11.400524  12.8311    -3.6736526][53.97747  47.868824 40.93081 ]
37662[11.400524 12.8311   -4.797215][52.370747 47.868824 40.93081 ]
37663[11.400524 12.8311   -5.440592][53.503006 47.868824 40.93081 ]
37664[11.400524 12.8311   -5.094468][52.500076 47.868824 40.93081 ]
37665[11.400524 12.8311   -5.182373][52.314987 47.868824 40.93081 ]
37666[11.400524  12.8311    -3.8484745][54.33554  47.868824 40.93081 ]
37667[11.400524 12.8311   -5.388669][54.18589  47.868824 40.93081 ]
37668[11.400524  12.8311    -5.2054567][53.334114 47.868824 40.93081 ]
37669[11.400524  12.8311    -4.6418753][52.787872 47.868824 40.93081 ]
37681[11.393932 12.830662 12.664715][49.769283 48.21135  40.955692]
37684[11.393932 12.830662 12.944441][49.938194 49.46073  40.955692]
37685[11.393932 12.830662 11.762566][50.058434 47.868324 40.955692]
37686[11.393932 12.830662 12.490364][49.899223 47.926647 40.955692]
37687[11.393932 12.830662 13.047188][49.189476 49.46673  40.955692]
37688[11.393932 12.830662 11.752363][49.67216  47.868324 40.955692]
37690[11.402634  12.8283615 -3.5001793][53.118046 52.668552 40.94394 ]
37691[11.402634  12.8283615 -4.295434 ][52.005123 52.851498 40.94394 ]
37694[11.402634  12.8283615 -2.8301802][52.56298  52.568962 40.94394 ]
37696[11.402634  12.8283615 -4.311183 ][51.97402 51.04769 40.94394]
37697[11.402634  12.8283615 -3.6557083][52.779766 51.980515 40.94394 ]
37698[11.402634  12.8283615 -4.6690254][51.54414 50.84077 40.94394]
37699[11.402634  12.8283615 -4.1002073][51.40635  53.017437 40.94394 ]
37701[11.393471   12.832634    0.10161114][51.885883 47.870262 40.964123]
37702[11.393471  12.832634  -0.6808119][54.005478 47.870262 40.964123]
37703[11.393471  12.832634   1.1085863][53.19564  47.870262 40.964123]
37706[11.393471  12.832634   0.3025627][51.559097 47.870262 40.964123]
37707[11.393471  12.832634   1.1811543][52.397945 47.870262 40.964123]
37708[11.393471 12.832634  1.563426][52.917233 47.870262 40.964123]
37710[11.386324 12.838242 11.230059][52.41698  52.259895 40.9476  ]
37711[11.386324 12.838242  9.120626][52.480576 52.05755  40.9476  ]
37713[11.386324 12.838242  9.193956][50.79185  50.999237 40.9476  ]
37714[11.386324 12.838242 11.047791][51.79644  51.080086 40.9476  ]
37716[11.386324 12.838242  9.523029][51.55449 51.83312 40.9476 ]
37717[11.386324 12.838242  9.19182 ][51.238777 51.424408 40.9476  ]
37718[11.386324 12.838242  9.193779][51.409508 52.245747 40.9476  ]
37719[11.386324 12.838242 10.990767][51.607903 51.908268 40.9476  ]
37730[11.39595   12.833324  -1.0783157][52.77574  50.509087 40.9495  ]
37740[11.394613   12.835014    0.28005028][53.433903 47.872696 40.95322 ]
37741[11.394613   12.835014    0.53172207][53.393475 47.872696 40.95322 ]
37742[11.394613   12.835014    0.90680504][52.896603 47.872696 40.95322 ]
37743[11.394613  12.835014   1.7880259][53.117096 47.872696 40.95322 ]
37744[11.394613   12.835014   -0.34316254][54.671444 47.872696 40.95322 ]
37745[11.394613  12.835014   0.3336439][53.219913 47.872696 40.95322 ]
37746[11.394613 12.835014  1.454113][53.27643  47.872696 40.95322 ]
37747[11.394613   12.835014    0.11345863][54.80456  47.872696 40.95322 ]
37748[11.394613   12.835014    0.69227886][54.170074 47.872696 40.95322 ]
37749[11.394613  12.835014   0.5023222][53.084778 47.872696 40.95322 ]
37750[11.395891  12.830479   4.1530113][51.78155  56.052032 40.954292]
37751[11.395891 12.830479  3.7388  ][50.800537 58.06949  40.954292]
37752[11.395891  12.830479   3.0316334][52.52599  57.4167   40.954292]
37753[11.395891  12.830479   4.2333164][51.9784   57.37642  40.954292]
37754[11.395891 12.830479  3.837078][51.370724 57.322544 40.954292]
37755[11.395891 12.830479  2.930049][51.622456 57.13601  40.954292]
37758[11.395891  12.830479   2.1221342][50.86459  57.57079  40.954292]
37759[11.395891 12.830479  4.188854][52.332138 56.79392  40.954292]
37770[11.39727  12.824171 13.556381][47.294296 47.86177  44.119843]
37773[11.39727  12.824171 13.556381][46.784683 47.86177  45.094864]
37775[11.39727  12.824171 13.556381][46.43414 47.86177 45.48548]
37776[11.39727  12.824171 13.556381][46.59197  47.86177  45.276093]
37800[11.395365  12.83144   -4.0715475][50.685307 56.245834 40.934456]
37801[11.395365  12.83144   -3.2160988][51.775368 55.702114 40.934456]
37803[11.395365  12.83144   -4.3455505][50.556835 55.87434  40.934456]
37804[11.395365  12.83144   -2.7368937][51.99271  56.35234  40.934456]
37808[11.395365  12.83144   -3.3354282][52.1513   55.90204  40.934456]
37809[11.395365  12.83144   -4.1360426][50.55578  55.70823  40.934456]
37844[11.393951 12.830265  9.568092][52.86544  49.418026 40.95472 ]
37848[11.393951 12.830265 10.842543][52.008625 47.867947 40.95472 ]
37850[11.407343   12.829218    0.39576054][54.46897  47.866753 40.950436]
37851[11.407343   12.829218    0.76737213][53.497986 47.866753 40.950436]
37852[11.407343  12.829218   0.7926302][55.732574 47.866753 40.950436]
37853[11.407343   12.829218    0.74544716][55.99763  47.866753 40.950436]
37854[11.407343   12.829218   -0.45513153][55.083393 47.866753 40.950436]
37855[11.407343   12.829218    0.03477955][54.588238 47.866753 40.950436]
37856[11.407343   12.829218   -0.11846256][55.13631  47.866753 40.950436]
37857[11.407343  12.829218   1.5611439][55.135696 47.866753 40.950436]
37858[11.407343   12.829218    0.22606182][54.435024 47.866753 40.950436]
37859[11.407343  12.829218   1.3591509][54.80157  47.866753 40.950436]
37880[11.395962  12.831928  13.5470295][48.982445 49.22966  40.944946]
37882[11.395962  12.831928  13.5470295][48.99338  50.293617 40.944946]
37883[11.395962  12.831928  13.5470295][48.72203  50.964935 40.944946]
37885[11.395962  12.831928  13.5470295][48.43026  50.153442 40.944946]
37886[11.395962  12.831928  13.5470295][48.993587 50.50021  40.944946]
37913[11.371063 12.791698 -5.415169][50.819153 57.037495 40.93303 ]
37914[11.371063 12.791698 -6.394231][50.969624 57.603466 40.93303 ]
37916[11.371063  12.791698  -6.9332037][50.95162  56.892735 40.93303 ]
37919[11.371063  12.791698  -6.3115625][49.376274 57.6978   40.93303 ]
37950[11.401413   12.829454    0.36378574][52.491577 47.867027 40.95337 ]
37951[11.401413   12.829454    0.87524986][53.762478 47.867027 40.95337 ]
37952[11.401413   12.829454    0.81739044][52.740883 47.867027 40.95337 ]
37953[11.401413  12.829454   0.5087309][54.685295 47.867027 40.95337 ]
37954[11.401413  12.829454   1.4633341][53.93827  47.867027 40.95337 ]
37955[11.401413  12.829454  -1.1093531][54.81402  47.867027 40.95337 ]
37956[11.401413   12.829454    0.58391476][52.89681  47.867027 40.95337 ]
37957[11.401413  12.829454   0.3440485][53.070324 47.867027 40.95337 ]
37958[11.401413   12.829454    0.92431355][53.21361  47.867027 40.95337 ]
37959[11.401413   12.829454   -0.11934948][54.21842  47.867027 40.95337 ]
37960[11.39732 12.82387  6.36924][52.7618   51.876644 40.948654]
37962[11.39732  12.82387   7.512352][52.765    51.925426 40.948654]
37963[11.39732   12.82387    7.1516495][55.269417 53.93737  40.948654]
37964[11.39732  12.82387   7.882286][54.04799  51.865044 40.948654]
37965[11.39732 12.82387  6.35297][52.734978 52.496292 40.948654]
37966[11.39732  12.82387   6.547127][54.701096 52.602962 40.948654]
37968[11.39732  12.82387   7.746441][52.739033 51.829918 40.948654]
37969[11.39732   12.82387    7.3510075][53.27412  53.48786  40.948654]
37970[11.387533 12.811457 10.52187 ][50.966663 48.484226 40.965134]
37972[11.387533 12.811457 11.022404][51.11495  49.49311  40.965134]
37973[11.387533  12.811457  10.2745075][50.467514 47.885086 40.965134]
37974[11.387533 12.811457 11.233227][51.650444 48.1051   40.965134]
37975[11.387533 12.811457 11.323921][51.494377 49.265263 40.965134]
37976[11.387533 12.811457 11.86878 ][52.64501  49.604103 40.965134]
37979[11.387533 12.811457 11.401396][51.55839  48.73482  40.965134]
37980[11.395809  12.815317  -0.7713852][52.71608  49.721275 40.950775]
37981[11.395809  12.815317   0.6756878][51.676964 48.31658  40.950775]
37982[11.395809   12.815317   -0.76871586][52.884224 50.06504  40.950775]
37983[11.395809  12.815317  -1.9172935][52.874763 49.71939  40.950775]
37984[11.395809  12.815317  -1.9186506][55.184723 49.067005 40.950775]
37985[11.395809   12.815317   -0.82997227][53.920162 50.243465 40.950775]
37986[11.395809  12.815317  -1.9274807][53.80559  50.001953 40.950775]
37987[11.395809 12.815317 -1.455555][54.531994 49.23196  40.950775]
37988[11.395809 12.815317 -1.402729][53.79491  47.852875 40.950775]
37989[11.395809  12.815317  -0.4199829][52.944622 49.407814 40.950775]
37990[11.398108 12.832096 -2.97795 ][51.58504 53.85073 40.93702]
37994[11.398108  12.832096  -4.4594555][51.43599 54.07805 40.93702]
38000[11.398277  12.8237915 11.983938 ][51.913383 47.861374 40.953606]
38006[11.398277  12.8237915 12.389912 ][52.40265  47.861374 40.953606]
38007[11.398277  12.8237915 12.978844 ][51.907623 47.861374 40.953606]
38080[11.38208   12.802376   1.5350475][53.19862  51.308853 40.955307]
38081[11.38208   12.802376   0.6214552][53.138275 52.167336 40.955307]
38083[11.38208  12.802376  1.552228][53.804623 51.02375  40.955307]
38084[11.38208   12.802376   1.1092644][53.32493  50.302204 40.955307]
38085[11.38208  12.802376  1.5709  ][53.7526   51.006393 40.955307]
38086[11.38208   12.802376   2.4399843][52.443966 52.063137 40.955307]
38087[11.38208   12.802376   2.2643404][53.815544 51.05783  40.955307]
38088[11.38208   12.802376   1.7042418][52.432602 51.8388   40.955307]
38089[11.38208  12.802376  2.391508][52.863586 50.71322  40.955307]
38100[11.342632 12.833952 10.638878][50.947067 50.167583 40.9243  ]
38101[11.342632 12.833952 10.418831][50.63731 51.0216  40.9243 ]
38103[11.342632 12.833952  9.441782][51.450687 51.097866 40.9243  ]
38104[11.342632 12.833952 11.050165][51.296104 50.872585 40.9243  ]
38141[11.405937  12.833097  -3.4494257][53.83747  47.87075  40.936436]
38143[11.405937 12.833097 -5.124854][54.13575  47.87075  40.936436]
38145[11.405937  12.833097  -5.3332605][54.890293 47.87075  40.936436]
38149[11.405937  12.833097  -3.2359042][52.908276 47.87075  40.936436]
38150[11.396723   12.82036     0.74834347][54.587833 47.85794  40.945374]
38151[11.396723  12.82036    1.3062096][54.157776 47.85794  40.945374]
38152[11.396723  12.82036    1.7089415][54.714874 47.85794  40.945374]
38153[11.396723   12.82036    -0.37986088][54.723896 47.85794  40.945374]
38154[11.396723   12.82036     0.44544697][54.340202 47.85794  40.945374]
38155[11.396723  12.82036    0.9677305][53.61156  47.85794  40.945374]
38156[11.396723   12.82036     0.11158466][54.833054 47.85794  40.945374]
38157[11.396723  12.82036    0.4826641][54.285572 47.85794  40.945374]
38158[11.396723  12.82036    1.2703085][54.46809  47.85794  40.945374]
38159[11.396723   12.82036     0.83522606][55.510117 47.85794  40.945374]
38160[11.397036 12.834347  2.139925][52.35975 52.43991 40.94491]
38161[11.397036  12.834347   1.1581745][53.1004   52.884094 40.94491 ]
38162[11.397036  12.834347   1.1029806][52.457542 50.945995 40.94491 ]
38163[11.397036  12.834347   1.8233252][51.56305  50.902622 40.94491 ]
38164[11.397036   12.834347    0.28026962][53.07986  51.125683 40.94491 ]
38167[11.397036  12.834347   1.7821198][52.51975  51.787163 40.94491 ]
38168[11.397036  12.834347   1.4916172][53.08868 51.58238 40.94491]
38180[11.361916  12.8416195  3.619893 ][54.893097 47.879776 40.93312 ]
38181[11.361916  12.8416195  4.2859793][53.26562  47.879776 40.93312 ]
38182[11.361916  12.8416195  3.7142773][55.42074  47.879776 40.93312 ]
38184[11.361916  12.8416195  4.1709433][54.89288  47.879776 40.93312 ]
38185[11.361916  12.8416195  5.5120754][54.202633 48.20333  40.93312 ]
38186[11.361916  12.8416195  4.532341 ][53.540497 47.879776 40.93312 ]
38187[11.361916  12.8416195  5.1480503][54.02904  47.879776 40.93312 ]
38188[11.361916  12.8416195  3.7019749][54.240288 48.121773 40.93312 ]
38200[11.394403  12.835182  -3.2848825][51.478554 49.399265 40.947525]
38201[11.394403  12.835182  -3.7123785][51.371532 49.952507 40.947525]
38202[11.394403 12.835182 -3.616743][51.33516  49.793106 40.947525]
38204[11.394403  12.835182  -4.9058943][51.683475 48.733433 40.947525]
38205[11.394403  12.835182  -4.1273766][52.738583 49.92175  40.947525]
38206[11.394403  12.835182  -2.3811111][52.08178  49.299786 40.947525]
38207[11.394403  12.835182  -2.3835917][51.209717 49.3186   40.947525]
38208[11.394403 12.835182 -3.439746][52.83468  47.8729   40.947525]
38209[11.394403  12.835182  -3.9654007][51.5979   49.279587 40.947525]
38210[11.375404 12.791769  6.033003][54.351692 51.70227  40.96538 ]
38213[11.375404 12.791769  3.692975][54.20299 51.52265 40.96538]
38215[11.375404  12.791769   4.6275635][54.685425 50.77642  40.96538 ]
38217[11.375404  12.791769   4.2700033][55.09292  50.744423 40.96538 ]
38218[11.375404  12.791769   4.8472424][54.4719   52.270554 40.96538 ]
38230[11.377699 12.839064 13.542866][48.447365 56.670635 40.940823]
38231[11.377699 12.839064 13.542866][47.717693 58.928726 41.561764]
38232[11.377699 12.839064 13.542866][47.75261  56.066532 41.7771  ]
38233[11.377699 12.839064 13.542866][47.201996 58.357254 42.1586  ]
38234[11.377699 12.839064 13.542866][47.329533 56.15467  42.872738]
38235[11.377699 12.839064 13.542866][47.51294  55.729687 41.35128 ]
38236[11.377699 12.839064 13.542866][47.77094 56.01226 41.33551]
38237[11.377699 12.839064 13.542866][46.952976 56.672962 41.92619 ]
38238[11.377699 12.839064 13.542866][46.71272  55.882534 41.109283]
38239[11.377699 12.839064 13.542866][47.828255 57.30642  41.363632]
38262[11.389326 12.833641 13.547647][40.905327 67.64639  41.647987]
38263[11.389326  12.833641  12.4207535][41.44618  66.7262   40.945538]
38264[11.389326 12.833641 13.547647][40.74044  67.09898  41.078182]
38267[11.389326 12.833641 13.547647][40.873146 69.644646 41.4839  ]
38269[11.389326 12.833641 13.547647][41.001198 68.3457   42.168854]
38274[11.389599 12.836433  5.044775][53.06378  47.874233 40.948067]
38276[11.389599  12.836433   5.2722483][51.719242 48.44015  40.948067]
38280[11.4189415 12.796291  -4.2958546][53.864994 48.631836 40.94558 ]
38281[11.4189415 12.796291  -2.8841114][52.59182  48.986626 40.94558 ]
38282[11.4189415 12.796291  -3.5566568][52.985897 48.780384 40.94558 ]
38284[11.4189415 12.796291  -2.650507 ][52.166893 49.12614  40.94558 ]
38285[11.4189415 12.796291  -4.1210537][53.993214 48.48451  40.94558 ]
38286[11.4189415 12.796291  -3.4058523][52.694458 47.83348  40.94558 ]
38287[11.4189415 12.796291  -3.9429617][53.105362 47.83348  40.94558 ]
38288[11.4189415 12.796291  -3.3831797][53.616215 48.351078 40.94558 ]
38289[11.4189415 12.796291  -4.8962717][52.17619 47.83348 40.94558]
38290[11.394583   12.826349    0.44965076][49.957302 61.730015 40.95118 ]
38291[11.394583  12.826349  -1.0028248][50.29269  61.527523 40.95118 ]
38292[11.394583   12.826349   -0.89886856][51.7344  61.63155 40.95118]
38293[11.394583  12.826349  -1.8025932][50.253746 61.422337 40.95118 ]
38294[11.394583  12.826349  -1.3759117][51.142025 60.94145  40.95118 ]
38295[11.394583  12.826349  -0.7835827][50.870926 60.29667  40.95118 ]
38296[11.394583  12.826349  -0.5973301][50.24919 60.97062 40.95118]
38297[11.394583  12.826349   1.0657024][50.819912 62.71436  40.95118 ]
38298[11.394583  12.826349  -1.0577602][51.673126 61.18505  40.95118 ]
38299[11.394583  12.826349  -0.9810934][51.708652 60.7851   40.95118 ]
38310[11.392004  12.816519  -1.6417704][55.019207 50.139236 40.946   ]
38311[11.392004  12.816519  -1.6153383][56.322735 48.77806  40.946   ]
38312[ 1.1392004e+01  1.2816519e+01 -1.2750626e-02][54.18429  47.854145 40.946   ]
38313[11.392004  12.816519  -1.5272455][55.85071  47.854145 40.946   ]
38314[11.392004  12.816519  -1.9808664][54.719486 48.283844 40.946   ]
38315[11.392004  12.816519  -1.7774429][56.445263 47.854145 40.946   ]
38316[11.392004  12.816519  -1.8173895][56.283157 47.854145 40.946   ]
38317[11.392004 12.816519 -2.682806][55.241196 49.618004 40.946   ]
38318[11.392004  12.816519  -1.5401468][54.959446 50.42641  40.946   ]
38319[11.392004  12.816519  -0.8601074][55.239483 48.633316 40.946   ]
38321[11.391447  12.826929  -2.6164904][52.318817 50.35961  40.952816]
38322[11.391447  12.826929  -2.4581308][51.361412 51.647614 40.952816]
38323[11.391447  12.826929  -3.9604597][53.00015  51.205994 40.952816]
38324[11.391447  12.826929  -2.5696115][51.982407 52.349434 40.952816]
38326[11.391447  12.826929  -4.5730524][52.889656 50.91784  40.952816]
38327[11.391447  12.826929  -3.0620155][50.516792 52.10112  40.952816]
38328[11.391447  12.826929  -3.2610617][51.82035  51.73413  40.952816]
38339[11.398523   12.832022    0.26815987][53.42485  47.86972  40.942448]
38347[11.393591 12.823257 13.156605][40.635475 65.09498  40.938206]
38348[11.393591 12.823257 13.540237][40.216927 65.143845 40.938206]
38349[11.393591 12.823257 13.540237][40.767967 66.38373  41.7408  ]
38355[11.39258  12.821606 13.542191][41.411858 64.98871  41.373413]
38356[11.39258  12.821606 13.542191][41.25479  63.54078  40.940117]
38390[11.395157  12.829664   3.1492157][52.21476  50.204304 40.934   ]
38394[11.395157  12.829664   2.8825264][52.339546 51.116795 40.934   ]
38396[11.395157  12.829664   3.6420994][52.733837 50.349445 40.934   ]
38397[11.395157 12.829664  3.588605][51.20142  48.575756 40.934   ]
38398[11.395157  12.829664   2.0432272][52.839775 50.869614 40.934   ]
38399[11.395157  12.829664   2.7544098][52.331814 49.918076 40.934   ]
38410[11.389378  12.819481   1.4324846][55.769478 49.734    40.946316]
38411[11.389378  12.819481   1.6725855][56.024395 50.941143 40.946316]
38412[11.389378  12.819481   1.2179279][55.269928 50.40547  40.946316]
38413[11.389378   12.819481    0.05319118][54.58641  51.77237  40.946316]
38414[11.389378  12.819481   1.7708578][55.712723 52.07576  40.946316]
38415[11.389378  12.819481   1.3754425][54.359818 51.577812 40.946316]
38416[11.389378   12.819481   -0.44772053][55.26684  50.148346 40.946316]
38417[11.389378  12.819481   1.5786343][54.992645 50.021854 40.946316]
38418[11.389378 12.819481  1.215682][54.620678 50.231228 40.946316]
38419[11.389378   12.819481   -0.24534035][55.649673 51.268032 40.946316]
