32781[11.40543  12.823872 13.554722][44.438866 47.861404 50.556305]
32795[11.393562 12.826487 13.565426][41.845047 47.864117 53.044476]
32796[10.503651 12.826487 13.565426][39.68318  47.864117 52.558773]
32797[11.393562 11.846901 13.565426][42.06523  47.864117 53.058025]
32798[11.393562 12.826487 13.565426][41.183334 47.864117 52.7644  ]
32951[11.4052925 10.919365  13.559256 ][43.992165 47.86142  51.948933]
32959[11.4052925 10.257439  13.559256 ][43.889538 47.86142  51.62692 ]
32971[10.604591  9.833702 13.578354][38.925217 47.864494 50.01694 ]
33102[11.394428  12.8346615 13.550037 ][40.978367 47.872402 51.93246 ]
33105[11.394428  12.8346615 13.550037 ][41.12343  47.872402 53.318405]
33108[11.394428  12.8346615 13.550037 ][42.872776 47.872402 52.69268 ]
33402[11.408024 12.824041 13.549358][43.705826 47.861553 49.898083]
33405[11.408024 12.824041 13.549358][43.35517  47.861553 49.852345]
33406[11.408024 12.824041 13.549358][43.943695 47.861553 49.152283]
33408[11.408024 12.824041 13.549358][42.594177 47.861553 51.149082]
33680[11.406658 12.497808 13.549145][46.85716  47.868763 51.22155 ]
33681[11.406658 12.831202 13.549145][46.693203 47.868763 50.278996]
33683[11.406658 12.085371 13.549145][45.94963  47.868763 51.417255]
33684[11.406658 12.106155 13.549145][46.95596  47.868763 50.451912]
33685[11.406658 12.831202 13.549145][45.36535  47.868763 49.96714 ]
33686[11.406658 12.128    13.549145][45.221397 47.868763 50.800243]
33687[11.406658 10.984543 13.549145][45.384583 47.868763 50.930706]
33689[11.406658 11.519869 13.549145][45.73027  47.868763 49.687965]
