9130[ 9.024311 12.490166 13.545273][38.937477 47.872498 52.190346]
9133[ 8.687893 12.834812 13.545273][38.937477 47.872498 52.63475 ]
9134[ 8.092884 12.834812 13.545273][38.937477 47.872498 51.20191 ]
9136[10.047596 12.521488 13.545273][39.051003 47.872498 52.163403]
9138[ 8.828255 12.834812 13.545273][38.937477 47.872498 52.410774]
9281[11.404287 12.821774 13.551506][42.914352 47.859295 51.900536]
9290[11.40472  12.82     13.558239][44.418068 47.857487 48.83972 ]
9293[11.40472  12.82     13.558239][45.00981  47.857487 49.194717]
9330[11.398861 12.833918 13.556129][43.34307  47.87158  49.839546]
9357[11.39843  12.445288 13.552395][43.768215 47.87124  49.579956]
9358[11.39843  11.415348 13.552395][44.24493 47.87124 49.16548]
9381[11.3995285 12.849659  13.53796  ][41.689964 47.887497 52.179436]
9384[11.3995285 12.849659  13.53796  ][43.022255 47.887497 53.8446  ]
9388[11.3995285 12.849659  13.53796  ][42.675037 47.887497 53.033157]
9389[11.3995285 12.849659  13.53796  ][43.689842 47.887497 52.897453]
9420[11.400167 12.822073 13.553875][45.206608 47.859634 53.02754 ]
9421[11.400167 12.822073 13.553875][46.701664 47.859634 53.36091 ]
9422[11.400167 12.822073 13.553875][46.042828 47.859634 53.081844]
9423[11.400167 12.822073 13.553875][44.434338 47.859634 53.070637]
9424[11.400167 12.822073 13.553875][44.606476 47.859634 54.118195]
9425[11.400167 12.822073 13.553875][46.225475 47.859634 52.33468 ]
9426[11.400167 12.822073 13.553875][44.91131  47.859634 52.61742 ]
9427[11.400167 12.822073 13.553875][46.087643 47.859634 53.555244]
9428[11.400167 12.822073 13.553875][45.372776 47.859634 53.665188]
9429[11.400167 12.81296  13.553875][46.513683 47.859634 53.534897]
9458[11.398006 11.053276 13.551792][43.13295  47.871292 50.440044]
9467[11.398254 10.939587 13.554897][44.796913 47.869987 49.935318]
9468[11.398254 12.455618 13.554897][44.383293 47.869987 49.57329 ]
9523[11.392658 12.83379  13.561085][42.279675 47.871487 51.21073 ]
9546[ 9.521242 12.835749 13.553814][38.94098  47.873405 51.993176]
9550[ 9.445599 12.836086 13.541336][38.93557  47.873837 52.795208]
9557[ 9.833605 12.500717 13.541336][39.112225 47.873837 51.98865 ]
9584[11.413992 12.844828 13.55267 ][45.42116  47.882416 46.598015]
9747[ 7.22855 12.83794 13.54002][38.93483  47.8757   52.453472]
9748[ 8.613424 12.418688 13.54002 ][38.93483  47.8757   53.059254]
10024[11.399281 12.831675 13.552073][41.432255 47.869316 50.338905]
10080[11.4042   12.833038 13.550163][44.25737 47.87066 50.26003]
10084[11.4042   12.833038 13.550163][44.86444  47.87066  49.411697]
10086[11.4042   12.833038 13.550163][44.671696 47.87066  49.20959 ]
10087[11.4042   12.833038 13.550163][45.54502  47.87066  48.423462]
