17032[11.405502  5.009529  4.217682][47.5057   47.86365  40.950356]
17170[11.393805 12.831133 13.553059][44.031567 47.86883  51.718773]
17171[11.393805 12.831133 13.553059][41.49463 47.86883 52.22734]
17172[11.393805 12.831133 13.553059][41.986107 47.86883  50.539387]
17173[11.393805 12.831133 13.553059][41.053444 47.86883  51.271244]
17174[11.393805 12.831133 13.553059][43.101112 47.86883  50.863316]
17175[11.393805 12.831133 13.553059][41.87311  47.86883  50.229046]
17176[11.393805 12.831133 13.553059][41.7038   47.86883  51.936523]
17177[11.393805 12.831133 13.553059][41.102486 47.86883  51.797012]
17178[11.393805 12.831133 13.553059][41.79107 47.86883 52.1236 ]
17179[11.393805 12.831133 13.553059][43.02876  47.86883  51.101387]
17182[11.381287 12.802311 13.531746][44.49866 47.84002 50.54996]
17205[11.398842 12.836155 13.547266][42.836044 47.873856 50.320107]
17209[11.398842 12.836155 13.547266][43.239098 47.873856 49.903053]
17255[11.410015  6.967428 11.07716 ][54.146397 47.871212 40.952133]
17256[11.410015  5.965246 11.631924][53.29962  47.871212 40.952133]
17257[11.410015   5.4190264 11.53105  ][52.148075 47.871212 40.952133]
17258[11.410015  5.427328 10.453583][52.306488 47.871212 40.952133]
17327[11.390659 12.837936 13.545795][41.587532 47.87573  50.09835 ]
17328[11.390659 12.837936 13.545795][40.664703 47.87573  50.24686 ]
17350[11.410015   5.5899334 11.376205 ][52.885906 47.871212 40.952133]
17354[11.410015  6.76046  11.318985][52.22992  47.871212 40.952133]
17355[11.410015   6.0040607 10.874157 ][53.140297 47.871212 40.952133]
17358[11.410015  5.809964 11.711761][52.379486 47.871212 40.952133]
17359[11.410015  6.175148 10.653866][53.596947 47.871212 40.952133]
17360[11.396967 10.760445 13.551172][45.75684  47.86893  51.081257]
17361[11.396967  8.645418 13.551172][45.16857  47.86893  51.612335]
17362[11.396967  9.27622  13.551172][42.852142 47.86893  52.341454]
17363[11.396967  8.846935 13.551172][44.406227 47.86893  51.71675 ]
17364[11.396967  9.802662 13.551172][44.309174 47.86893  51.048534]
17365[11.396967  9.995939 13.551172][44.04001  47.86893  51.987453]
17366[11.396967  8.526245 13.551172][44.279877 47.86893  50.729534]
17367[11.396967  9.134571 13.551172][44.274822 47.86893  52.028923]
17368[11.396967 10.586002 13.551172][44.46228  47.86893  51.811882]
17369[11.396967  8.671202 13.551172][43.470688 47.86893  51.419994]
17388[11.3947525 12.840397  13.553215 ][41.0319   47.878128 52.785168]
17411[11.408508  5.858246 11.721649][52.06898  47.888565 40.927418]
17412[11.408508  6.764126 10.677958][51.84609  47.888565 40.927418]
17414[11.408508  6.58354  11.682238][52.97511  47.888565 40.927418]
17416[11.408508  6.590225 10.635578][51.970654 47.888565 40.927418]
17417[11.408508   5.7421694 11.026667 ][51.44684  47.888565 40.927418]
17419[11.408508  5.634083 11.059555][53.08952  47.888565 40.927418]
17465[11.398085 12.83769  13.554729][41.88363  47.875385 49.764755]
17520[11.107101 11.661848 13.526129][41.82464  47.858425 50.704876]
17525[11.3729   11.950821 13.526129][42.413597 47.858425 51.18795 ]
17581[11.393055 12.83173  13.554684][41.113285 47.869423 51.733967]
17582[11.393055 12.83173  13.554684][43.009148 47.869423 50.66899 ]
17584[11.393055 12.83173  13.554684][41.447002 47.869423 52.728966]
17586[11.393055 12.83173  13.554684][40.387108 47.869423 52.678696]
17587[11.393055 12.83173  13.554684][40.44251  47.869423 51.854137]
17599[11.40143  12.826218 13.558247][43.07702 47.86379 51.06254]
17611[11.412613   5.8106356 11.56884  ][52.883335 47.869255 40.950947]
17615[11.412613  5.606124 10.764292][53.088036 47.869255 40.950947]
17660[11.406622  5.7078   11.282303][53.16603  47.860123 40.953556]
17661[11.406622   6.0722904 10.560415 ][53.5886   47.860123 40.953556]
17666[11.406622  6.302742 12.079933][53.338478 47.860123 40.953556]
17667[11.406622  6.758713 11.268841][52.80926  47.860123 40.953556]
17701[11.410097  9.082991 13.544218][52.443825 47.86375  44.430984]
17702[11.410097  8.713039 13.544218][51.6341  47.86375 45.42313]
17703[11.410097  8.798704 13.544218][51.730988 47.86375  43.914963]
17704[11.410097  9.298517 13.544218][52.026474 47.86375  44.719055]
17706[11.410097  8.171324 13.544218][53.68681 47.86375 44.27877]
17707[11.410097  9.231619 13.544218][52.863865 47.86375  43.595806]
17708[11.410097  7.947296 13.544218][51.25032  47.86375  44.223717]
17709[11.410097  9.35528  13.544218][50.733555 47.86375  44.321068]
17802[11.411552  6.021843 11.646942][52.957657 47.858437 40.950333]
17862[11.408815   7.706251  13.5246525][46.42266  47.887985 46.724026]
17863[11.408815   6.8532524 13.5246525][46.662556 47.887985 46.46954 ]
17865[11.408815   5.9805336 13.5246525][46.062733 47.887985 47.309807]
17868[11.408815   7.445503  13.5246525][46.00582  47.887985 47.532585]
17890[11.405796   5.5437374 10.460054 ][52.64375  47.859375 40.964077]
17895[11.405796  6.154951  9.522934][53.217472 47.859375 40.964077]
17896[11.405796  5.295681 10.573616][52.63388  47.859375 40.964077]
17898[11.405796  4.813798 10.672764][51.833035 47.859375 40.964077]
17899[11.405796   5.2913647 11.917625 ][52.50788  47.859375 40.964077]
17952[10.608967 12.83798  13.549061][41.35096  48.830063 51.156555]
17957[ 9.689854 12.83798  13.549061][40.158073 49.22288  52.246212]
17959[11.260242 12.83798  13.549061][41.83421  48.606087 51.734684]
17990[11.408495   6.2575264 10.735735 ][52.873035 47.861084 40.952713]
17991[11.408495   5.6171856 10.928318 ][52.730896 47.861084 40.952713]
18043[11.410208   5.6770782 10.614349 ][53.238026 47.860023 40.951267]
18044[11.410208   7.2447834 11.443583 ][52.77293  47.860023 40.951267]
18045[11.410208  4.722316 10.919601][52.14305  47.860023 40.951267]
18049[11.410208   5.9920855 11.624189 ][52.612774 47.860023 40.951267]
