8170[11.391117 12.833349 13.557873][44.53843 49.9107  45.59888]
8173[11.391117 12.833349 13.557873][43.74296  50.562687 47.1932  ]
8178[11.391117 12.833349 13.557873][43.1371   49.727432 46.7294  ]
8179[11.391117 12.833349 13.557873][44.464252 50.711617 45.91846 ]
8309[11.398058  12.8310375 13.560675 ][43.86309 47.86866 49.3138 ]
8350[11.404749 12.829073 13.551186][42.898663 47.86665  51.089516]
8351[11.404749 12.829073 13.551186][44.564194 47.86665  51.108097]
8352[11.404749 12.829073 13.551186][43.75332  47.86665  51.277008]
8353[11.404749 12.829073 13.551186][43.56937  47.86665  51.142036]
8354[11.404749 12.829073 13.551186][44.304398 47.86665  52.15464 ]
8355[11.404749 12.829073 13.551186][41.741825 47.86665  53.127132]
8356[11.404749 12.829073 13.551186][43.337273 47.86665  52.31212 ]
8357[11.404749 12.829073 13.551186][44.14461 47.86665 51.14336]
8358[11.404749 12.829073 13.551186][43.433666 47.86665  51.951416]
8359[11.404749 12.829073 13.551186][44.36148 47.86665 52.07702]
8489[ 9.247442 12.836077 13.543276][38.94072  47.87378  51.492653]
8561[11.393656 12.829977 13.556246][42.374325 47.86768  49.626465]
8632[11.400059 11.927315 13.553223][43.214985 47.87185  49.583717]
8641[11.390926 12.843769 13.557945][44.34358  47.88157  50.157528]
8653[11.39864  12.818039 13.554928][40.72793  47.855556 51.956703]
8655[11.39864  12.818039 13.554928][41.64824  47.855556 51.41494 ]
8656[11.39864  12.818039 13.554928][42.0331   47.855556 50.84844 ]
8659[11.39864  12.818039 13.554928][41.862022 48.221806 50.746056]
8801[11.402533 12.56476  13.557573][45.04659  47.866898 52.14476 ]
8802[11.402533  12.2994175 13.557573 ][45.12002  47.866898 52.159973]
8805[11.402533 12.805973 13.557573][45.387676 47.866898 52.056282]
8806[11.402533 12.829329 13.557573][44.11288  47.866898 51.99063 ]
8808[11.402533 12.10627  13.557573][45.08416  47.866898 52.324448]
8910[10.399017 11.055965 13.544895][39.971626 47.870228 51.32802 ]
8915[10.5746155 12.83251   13.544895 ][39.850906 47.870228 52.054832]
8916[ 9.540081 12.83251  13.544895][38.935505 47.870228 51.878544]
8919[ 9.467733 12.83251  13.544895][38.935505 47.870228 52.54458 ]
8931[ 9.712618 12.759153 13.541443][38.93769  47.873013 52.73159 ]
8957[11.407143  9.08815  13.555689][43.318344 47.86354  50.67812 ]
8980[11.396927 12.590815 13.548935][44.873608 47.860645 51.750164]
8981[11.396927 12.270775 13.548935][44.40355  47.860645 52.97751 ]
8982[11.396927 12.665253 13.548935][44.674866 47.860645 52.137344]
8984[11.396927 12.823004 13.548935][43.7247   47.860645 53.417927]
8985[11.396927 12.566847 13.548935][43.812508 47.860645 52.822994]
8986[11.396927 11.71439  13.548935][44.839355 47.860645 54.181725]
8987[11.396927 12.823004 13.548935][45.682125 47.860645 51.777905]
8988[11.396927 11.154987 13.548935][45.778645 47.860645 53.032406]
8989[11.396927 12.823004 13.548935][43.102634 47.860645 52.679817]
