4598[11.390125 12.840109 13.560886][44.210464 50.120216 44.54345 ]
4774[11.40531  11.75679  13.558193][41.39389  47.888443 48.38128 ]
4840[11.391024 12.836771 13.557732][43.879692 48.95     46.849022]
4841[11.391024 12.836771 13.557732][44.549   48.06728 47.85507]
4842[11.391024 12.836771 13.557732][44.605938 47.912605 46.429726]
4843[11.391024 12.836771 13.557732][44.40759  47.874504 46.422924]
4844[11.391024 12.836771 13.557732][45.63488  47.874504 46.005714]
4845[11.391024 12.836771 13.557732][44.068512 48.331993 46.28476 ]
4846[11.391024 12.836771 13.557732][43.764294 48.788857 45.46631 ]
4847[11.391024 12.836771 13.557732][43.58338  47.874504 47.574738]
4849[11.391024 12.836771 13.557732][43.87135  47.944584 46.313004]
5082[11.378523 11.092974 13.563431][40.45358  47.904343 50.61037 ]
