38421[11.395514 12.820896  6.937582][53.981083 47.85849  40.95495 ]
38424[11.395514 12.820896  7.516819][53.89098 47.85849 40.95495]
38430[11.387554   12.8068695  -0.01648521][53.752    47.844482 40.941933]
38431[11.387554   12.8068695  -0.30895996][54.666195 47.844482 40.941933]
38432[11.387554   12.8068695   0.06472015][53.29683  48.36901  40.941933]
38433[11.387554  12.8068695  1.6815386][53.70854  48.02708  40.941933]
38434[11.387554   12.8068695   0.07226181][53.451828 47.844482 40.941933]
38435[11.387554  12.8068695 -0.4232626][53.041374 48.519196 40.941933]
38436[11.387554   12.8068695  -0.91821194][53.637177 47.844482 40.941933]
38437[11.387554   12.8068695  -0.46908092][53.981995 47.844482 40.941933]
38438[11.387554  12.8068695 -0.8589821][54.154266 47.844482 40.941933]
38439[11.387554  12.8068695 -0.0641737][53.91476  47.844482 40.941933]
38445[11.390776 12.829264 -1.598381][51.453518 50.628014 40.934303]
38446[11.390776 12.829264 -1.535182][52.00141  48.155468 40.934303]
38450[11.403048 12.833843  5.387395][53.456036 48.242382 40.941082]
38453[11.403048 12.833843  5.093314][53.677086 47.871502 40.941082]
38454[11.403048 12.833843  4.61697 ][53.941452 48.75574  40.941082]
38456[11.403048  12.833843   5.7630825][54.060654 48.34408  40.941082]
38457[11.403048 12.833843  5.599658][53.21611  47.871502 40.941082]
38470[11.406597  12.8305855  7.43557  ][56.474697 47.86819  40.936443]
38472[11.406597  12.8305855  8.003172 ][56.6296   47.86819  40.936443]
38473[11.406597  12.8305855  9.411673 ][55.921074 47.86819  40.936443]
38474[11.406597  12.8305855  7.7916603][56.84761  47.97863  40.936443]
38479[11.406597  12.8305855  8.756008 ][55.392532 47.86819  40.936443]
38514[11.397076 12.838772  6.74403 ][51.210003 49.635433 40.945583]
38528[11.397444  12.818764   2.1250582][51.744907 51.56738  40.951073]
38546[11.390728 12.795652 13.556717][49.625072 47.833115 42.83056 ]
38547[11.390728 12.795652 13.556717][49.739002 47.833115 44.593422]
38550[11.389032 12.835249 -4.722106][47.82221  61.350273 40.917236]
38554[11.389032  12.835249  -4.7305202][48.50352  61.377815 40.917236]
38556[11.389032  12.835249  -5.3058186][48.74266  60.6476   40.917236]
38557[11.389032 12.835249 -5.954878][47.97671  60.66868  40.917236]
38560[11.392168 12.833702 13.552401][47.77582  49.706352 41.64429 ]
38562[11.392168 12.833702 13.552401][48.588142 50.86241  41.37685 ]
38566[11.392168 12.833702 13.552401][48.209354 50.88205  41.010506]
38567[11.392168 12.833702 13.552401][48.46124  51.663452 41.898132]
38588[11.389017 12.809645 -4.378173][51.84579  48.309513 40.936543]
38589[11.389017  12.809645  -2.8564034][51.709892 47.84725  40.936543]
38598[11.378548 12.82258   4.958248][53.993767 49.2024   40.919064]
38600[11.396965 12.832884  9.746944][49.795273 49.879707 40.949375]
38601[11.396965  12.832884  10.5718155][50.451626 49.61135  40.949375]
38602[11.396965 12.832884  9.868994][50.76446  48.911835 40.949375]
38603[11.396965 12.832884 11.656521][50.013    49.76695  40.949375]
38606[11.396965 12.832884 10.641289][49.99765  49.521297 40.949375]
38607[11.396965 12.832884  9.885117][50.745827 48.614574 40.949375]
38608[11.396965 12.832884 10.150742][50.74331  47.87055  40.949375]
38609[11.396965 12.832884 10.435612][50.781635 47.87055  40.949375]
38610[11.409624   12.8248825   0.84281635][55.527275 47.862354 40.951454]
38611[11.409624   12.8248825  -0.74144554][56.023872 47.862354 40.951454]
38612[11.409624   12.8248825   0.54173374][55.73952  47.862354 40.951454]
38613[11.409624  12.8248825  0.4629631][54.046986 47.862354 40.951454]
38614[11.409624   12.8248825   0.88856125][54.805428 47.862354 40.951454]
38615[11.409624  12.8248825  0.7134447][53.754593 47.862354 40.951454]
38616[11.409624  12.8248825  1.2799387][54.14558  47.862354 40.951454]
38617[11.409624   12.8248825   0.12594128][54.3576   47.862354 40.951454]
38618[11.409624  12.8248825  1.1225576][54.86011  47.862354 40.951454]
38619[11.409624   12.8248825   0.21394157][55.908836 47.862354 40.951454]
38621[11.396751  12.827377   1.3153429][51.035088 48.85085  40.937153]
38625[11.396751  12.827377   1.3483629][51.740932 47.865097 40.937153]
38627[11.396751   12.827377    0.63215446][51.45401  48.664738 40.937153]
38640[11.39485   12.83625    7.5769005][53.292034 47.874012 40.94311 ]
38641[11.39485  12.83625   6.729101][52.64735  50.061077 40.94311 ]
38642[11.39485   12.83625    6.3537273][53.584602 49.031567 40.94311 ]
38643[11.39485   12.83625    7.0862045][52.19179  48.074383 40.94311 ]
38644[11.39485   12.83625    7.1082764][52.86126  47.874012 40.94311 ]
38645[11.39485   12.83625    6.5489426][53.947495 48.028328 40.94311 ]
38646[11.39485   12.83625    7.3095627][53.775986 47.874012 40.94311 ]
38647[11.39485   12.83625    6.4280434][52.99758  47.874012 40.94311 ]
38662[11.338516 12.784277 13.513432][43.487144 62.592144 40.91174 ]
38668[11.338516 12.784277 13.513432][42.949497 62.66416  40.91174 ]
38672[11.382278 12.83881  13.541197][45.19499  59.23798  43.579872]
38673[11.382278 12.83881  13.541197][44.932907 60.86264  45.256084]
38675[11.382278 12.83881  13.541197][45.501976 59.747322 45.291897]
38676[11.382278 12.83881  13.541197][45.51325  59.448547 44.676445]
38678[11.382278 12.83881  13.541197][45.524254 57.61492  43.90702 ]
38679[11.382278 12.83881  13.541197][45.36239  59.322254 44.629227]
38713[11.391539  12.831932  -3.8376646][49.446575 57.84605  40.934883]
38739[11.378372 12.843035  4.263463][50.01376  48.22327  40.933033]
38740[11.395504   12.829906    0.26247025][54.631924 47.867573 40.952503]
38741[11.395504   12.829906    0.44190502][55.04092  47.867573 40.952503]
38742[11.395504   12.829906    0.37382317][54.66181  47.867573 40.952503]
38743[11.395504   12.829906   -0.19223022][54.501015 47.867573 40.952503]
38744[11.395504  12.829906   1.0700417][54.515835 47.867573 40.952503]
38745[11.395504 12.829906  1.407835][55.080776 47.867573 40.952503]
38746[11.395504   12.829906   -0.16822815][54.109352 47.867573 40.952503]
38747[11.395504  12.829906   1.7402563][54.712337 47.867573 40.952503]
38748[11.395504   12.829906    0.08118725][53.39203  47.867573 40.952503]
38749[11.395504  12.829906   1.4788713][54.254723 47.867573 40.952503]
38760[11.376175   12.833382    0.14929867][53.267822 49.875923 40.931572]
38761[11.376175 12.833382 -2.603138][52.5132   49.8138   40.931572]
38764[11.376175   12.833382   -0.64818764][52.26549  49.87148  40.931572]
38765[11.376175  12.833382  -1.2162323][51.89722  51.09182  40.931572]
38769[11.376175  12.833382  -1.8008518][52.800396 49.628204 40.931572]
38780[11.390503 12.835129  8.190372][55.915226 48.24963  40.945866]
38781[11.390503 12.835129  8.273331][54.635567 49.31211  40.945866]
38782[11.390503  12.835129   7.2488766][55.86451  49.921585 40.945866]
38783[11.390503 12.835129  9.668528][56.012123 50.069084 40.945866]
38784[11.390503 12.835129  8.233776][56.15089  48.56417  40.945866]
38785[11.390503 12.835129  9.337593][56.393723 49.985027 40.945866]
38786[11.390503 12.835129  9.479076][54.774094 48.621037 40.945866]
38787[11.390503 12.835129  8.836851][55.23819  48.79182  40.945866]
38788[11.390503 12.835129  8.138838][55.66567  50.276752 40.945866]
38789[11.390503 12.835129  9.356384][55.56136  50.481953 40.945866]
38796[11.405178 12.823927  8.19054 ][55.227375 47.861465 40.950344]
38821[11.399832 12.829351  5.005867][53.50649  47.952927 40.943077]
38822[11.399832 12.829351  4.906108][53.4159   48.097755 40.943077]
38823[11.399832 12.829351  4.425417][54.12977  47.867    40.943077]
38824[11.399832  12.829351   3.9961386][55.03166  47.867    40.943077]
38825[11.399832 12.829351  5.427701][53.54     48.04091  40.943077]
38826[11.399832  12.829351   5.4999924][54.0742   47.867    40.943077]
38828[11.399832 12.829351  4.642358][53.458755 48.172253 40.943077]
38829[11.399832 12.829351  4.314192][54.74318  47.867    40.943077]
38830[11.405584   12.824312   -0.47306538][54.570217 50.67212  40.95145 ]
38831[11.405584  12.824312  -0.6202698][55.402454 50.789425 40.95145 ]
38832[11.405584  12.824312  -1.2584028][55.130245 50.92864  40.95145 ]
38833[11.405584  12.824312  -0.4839077][53.38023  50.040543 40.95145 ]
38834[11.405584   12.824312   -0.47031593][54.29252  49.903206 40.95145 ]
38835[11.405584   12.824312    0.24016762][54.52357 49.7274  40.95145]
38836[11.405584   12.824312    0.41282845][53.36683 50.57341 40.95145]
38837[11.405584   12.824312    0.91199017][53.360672 50.519974 40.95145 ]
38838[11.405584   12.824312    0.13142681][54.56624 50.17062 40.95145]
38839[11.405584  12.824312  -0.5572729][54.47753  50.060215 40.95145 ]
38850[11.391052  12.829327   6.2008324][53.787502 52.182426 40.949955]
38852[11.391052 12.829327  6.590889][54.235245 51.778664 40.949955]
38855[11.391052 12.829327  7.104395][54.175007 52.21056  40.949955]
38870[11.404158   12.8319435   0.14585686][54.89475  50.36438  40.941013]
38871[11.404158  12.8319435  1.4287453][54.331215 52.640656 40.941013]
38872[11.404158  12.8319435  1.606863 ][54.499046 51.481327 40.941013]
38873[11.404158   12.8319435  -0.49832726][54.678505 52.114277 40.941013]
38874[11.404158  12.8319435  0.4415264][55.164867 51.038193 40.941013]
38875[11.404158  12.8319435  1.6077251][54.073    51.681744 40.941013]
38876[11.404158  12.8319435  1.6463566][54.37916  52.135574 40.941013]
38877[11.404158  12.8319435  2.3870163][53.051353 52.396496 40.941013]
38878[11.404158   12.8319435   0.21016598][55.053112 50.73932  40.941013]
38879[11.404158   12.8319435   0.43084526][53.056843 51.86573  40.941013]
38900[11.383886 12.831423 13.546299][43.25054 64.55929 40.94423]
38910[11.409624   12.8248825  -0.54809856][55.15192  47.862354 40.951454]
38911[11.409624   12.8248825  -0.19449997][55.465313 47.862354 40.951454]
38912[11.409624  12.8248825  0.6858492][55.127922 47.862354 40.951454]
38913[11.409624   12.8248825   0.60143185][55.473793 47.862354 40.951454]
38914[11.409624  12.8248825  0.8684759][56.02636  47.862354 40.951454]
38915[11.409624  12.8248825  0.5910139][55.204002 47.862354 40.951454]
38916[11.409624  12.8248825  1.5069323][55.110317 47.862354 40.951454]
38917[11.409624  12.8248825  0.9858742][55.814083 47.862354 40.951454]
38918[11.409624  12.8248825  1.3434515][54.48195  47.862354 40.951454]
38919[11.409624   12.8248825  -0.04751301][55.01322  47.862354 40.951454]
38921[11.397068  12.831299  -5.2301054][53.15832  47.869003 40.935715]
38922[11.397068  12.831299  -4.5277243][52.995853 47.869003 40.935715]
38928[11.397068 12.831299 -5.128104][52.238594 47.869003 40.935715]
38932[11.389561  12.8005295  2.9953337][53.69489  48.603317 40.95507 ]
38935[11.389561  12.8005295  4.2567577][53.500244 49.024292 40.95507 ]
38936[11.389561  12.8005295  3.7275028][53.258965 48.364487 40.95507 ]
38942[11.402056 12.819775 13.554398][53.07994  48.203945 40.952198]
38944[11.402056 12.819775 13.554398][53.1812   47.8573   40.952198]
38945[11.402056 12.819775 13.554398][53.53713  48.010143 40.952198]
38947[11.402056 12.819775 13.554398][52.15606  48.215267 40.952198]
38948[11.402056 12.819775 13.554398][52.84427  47.8573   41.267544]
38949[11.402056 12.819775 13.554398][54.04158  47.96729  40.952198]
38966[11.403648  12.815067  -5.1701374][50.239918 53.919876 40.91593 ]
38976[11.390173  12.832462  -2.9693146][51.265457 48.642765 40.938965]
38977[11.390173  12.832462  -1.2405386][51.2098   47.870255 40.938965]
38980[11.41066   12.827909   2.0428648][54.066074 47.86542  40.948414]
38981[11.41066    12.827909   -0.10264015][55.568645 47.86542  40.948414]
38982[11.41066    12.827909   -0.36207485][55.8331   47.86542  40.948414]
38983[11.41066    12.827909   -0.37986946][54.824406 47.86542  40.948414]
38984[11.41066    12.827909    0.71438503][55.47659  47.86542  40.948414]
38985[11.41066   12.827909   1.0142164][55.13778  47.86542  40.948414]
38986[11.41066   12.827909   1.6906652][54.91308  47.86542  40.948414]
38987[11.41066   12.827909   1.8589315][54.71328  47.86542  40.948414]
38988[11.41066  12.827909  2.108016][54.11576  47.86542  40.948414]
38989[11.41066   12.827909   1.0340948][54.615707 47.86542  40.948414]
38990[11.395084 12.832224 -4.344943][52.52624  53.125874 40.93186 ]
38995[11.395084  12.832224  -2.8853264][52.59213  53.911095 40.93186 ]
38996[11.395084  12.832224  -3.5050516][52.236115 53.933155 40.93186 ]
39001[11.410082  12.814077   1.3126421][54.96398  52.27433  40.914646]
39004[11.410082  12.814077   1.7755404][55.598846 51.12988  40.914646]
39005[11.410082 12.814077  1.46031 ][54.795143 51.53453  40.914646]
39010[11.398363  12.8313465  9.346882 ][49.936695 50.042435 40.947334]
39012[11.398363  12.8313465 10.290836 ][51.41528  50.549923 40.947334]
39014[11.398363  12.8313465  9.484713 ][49.82174  50.389336 40.947334]
39034[11.380487  12.801191  -7.2801504][45.18363  59.20337  40.935028]
39036[11.380487  12.801191  -6.6935835][44.979435 58.16526  40.935028]
39052[11.3816395  12.823227    0.35643578][51.688602 49.118652 40.945145]
39054[11.3816395 12.823227   0.4035759][51.539165 47.861015 40.945145]
39059[11.3816395  12.823227    0.26615715][51.20688  48.38785  40.945145]
39060[11.330326 12.824013 13.541899][46.214745 53.686485 44.67113 ]
39061[11.330326 12.824013 13.541899][46.5177  53.97966 44.47992]
39084[11.398153  12.83164    2.5633955][54.392258 49.492306 40.95332 ]
39101[11.398405  12.83345   -3.2800598][53.8671   48.40861  40.927025]
39109[11.398405  12.83345   -1.5529795][53.175888 47.871227 40.927025]
39111[11.376837 12.817442  6.775055][51.749207 55.088036 40.95633 ]
39112[11.376837 12.817442  5.476097][52.30684  56.579487 40.95633 ]
39114[11.376837 12.817442  7.592926][51.486412 55.58532  40.95633 ]
39115[11.376837  12.817442   5.8977404][52.707203 57.11245  40.95633 ]
39117[11.376837 12.817442  6.58449 ][51.794716 57.93862  40.95633 ]
39118[11.376837  12.817442   6.2083244][52.46749  55.839878 40.95633 ]
39120[11.361067  12.805628  -5.7057867][48.42257 54.63016 40.92736]
39122[11.361067 12.805628 -4.883626][49.2107   54.909557 40.92736 ]
39124[11.361067 12.805628 -4.916217][48.76835 55.11058 40.92736]
39127[11.361067 12.805628 -6.232711][48.963455 53.99902  40.92736 ]
39128[11.361067  12.805628  -4.9698696][49.767593 54.413662 40.92736 ]
39129[11.361067 12.805628 -5.735033][50.15566 54.2424  40.92736]
39131[11.3641205 12.817184   2.748187 ][53.556595 47.85517  40.932274]
39132[11.3641205 12.817184   3.6108866][53.84542  47.85517  40.932274]
39133[11.3641205 12.817184   2.1291656][55.353603 47.85517  40.932274]
39134[11.3641205 12.817184   1.9088383][54.323402 47.85517  40.932274]
39136[11.3641205 12.817184   1.7191687][54.602554 47.85517  40.932274]
39137[11.3641205 12.817184   1.6734152][53.899605 47.85517  40.932274]
39138[11.3641205 12.817184   1.3688126][55.11534  47.85517  40.932274]
39170[11.3948345 12.835455   2.112218 ][53.105232 48.94057  40.933445]
39175[11.3948345 12.835455   2.4929628][52.182354 48.017467 40.933445]
39179[11.3948345 12.835455   4.2664623][53.46078  49.13694  40.933445]
39180[11.400326  12.833126   4.6901207][53.064453 48.28996  40.939426]
39182[11.400326 12.833126  2.240755][55.242943 50.78578  40.939426]
39183[11.400326  12.833126   3.7483788][53.1901   48.510815 40.939426]
39187[11.400326  12.833126   5.0505476][52.293938 48.946392 40.939426]
39188[11.400326  12.833126   3.1980715][54.5068   49.319626 40.939426]
39189[11.400326  12.833126   3.6783953][53.475506 48.7151   40.939426]
39203[11.399193 12.828924  2.637968][52.995087 50.152428 40.947166]
39204[11.399193  12.828924   2.2581491][53.083492 49.880016 40.947166]
39216[11.399239 12.83707  12.37402 ][50.268673 48.15168  40.945442]
39230[11.390139  12.821215   2.4917603][53.283825 47.858852 40.952454]
39231[11.390139  12.821215   3.9428701][53.502792 47.858852 40.952454]
39232[11.390139  12.821215   2.8191357][53.16171  47.858852 40.952454]
39233[11.390139  12.821215   4.4861116][52.91203  47.858852 40.952454]
39234[11.390139  12.821215   3.5452156][52.797844 47.858852 40.952454]
39235[11.390139 12.821215  3.258605][53.153587 47.858852 40.952454]
39236[11.390139  12.821215   2.4301624][54.24368  47.858852 40.952454]
39237[11.390139 12.821215  4.82154 ][53.648273 47.858852 40.952454]
39238[11.390139  12.821215   2.3784962][54.14762  47.858852 40.952454]
39239[11.390139 12.821215  4.417445][53.025646 47.858852 40.952454]
39270[11.398199  12.829254  -1.1924124][54.89202  53.244164 40.939224]
39271[11.398199  12.829254  -1.9034948][53.73516  53.47454  40.939224]
39273[11.398199  12.829254  -2.7242546][54.18891  52.02162  40.939224]
39274[11.398199   12.829254   -0.31416607][54.272293 53.04181  40.939224]
39275[11.398199  12.829254  -1.1015224][54.695595 50.428516 40.939224]
39277[11.398199  12.829254  -1.2921648][54.493237 52.53094  40.939224]
39279[11.398199  12.829254  -1.6121626][53.133415 53.622883 40.939224]
39280[11.402651  12.8216     5.3044004][55.927902 50.50277  40.951286]
39281[11.402651  12.8216     5.4093876][55.594154 49.71748  40.951286]
39282[11.402651 12.8216    4.145445][57.852993 50.025566 40.951286]
39283[11.402651 12.8216    6.859518][56.648003 49.99136  40.951286]
39284[11.402651  12.8216     5.8166018][57.197346 50.35713  40.951286]
39285[11.402651  12.8216     6.0815163][55.08244  49.184135 40.951286]
39286[11.402651  12.8216     4.1613493][55.786636 49.20504  40.951286]
39287[11.402651  12.8216     6.8076687][55.764576 49.741295 40.951286]
39288[11.402651 12.8216    5.216255][56.734013 48.20327  40.951286]
39289[11.402651  12.8216     5.9676056][55.66035  50.249313 40.951286]
39290[11.409624  12.8248825  0.7808485][56.288223 47.862354 40.951454]
39291[11.409624  12.8248825  0.5667639][55.788284 47.862354 40.951454]
39292[11.409624  12.8248825  0.7458124][54.18611  47.862354 40.951454]
39293[11.409624   12.8248825   0.50041485][54.192104 47.862354 40.951454]
39294[11.409624  12.8248825  1.4382391][55.311295 47.862354 40.951454]
39295[11.409624  12.8248825  1.4460897][54.16777  47.862354 40.951454]
39296[11.409624  12.8248825  0.1399517][55.058067 47.862354 40.951454]
39297[11.409624  12.8248825  0.3092518][54.749077 47.862354 40.951454]
39298[11.409624   12.8248825  -0.11534882][55.107872 47.862354 40.951454]
39299[11.409624   12.8248825   0.94133663][55.4764   47.862354 40.951454]
39310[11.386175  12.825649   3.9340725][54.98169  47.863426 40.941483]
39313[11.386175 12.825649  3.426012][54.74044  47.87055  40.941483]
39314[11.386175  12.825649   1.7563496][54.03896  48.289745 40.941483]
39316[11.386175   12.825649    0.86609554][55.704655 48.534378 40.941483]
39317[11.386175  12.825649   2.2993364][54.487236 47.863426 40.941483]
39323[11.3866005 12.819057  -3.3743439][53.269115 47.856804 40.935165]
39325[11.3866005 12.819057  -4.797559 ][52.943855 47.856804 40.935165]
39326[11.3866005 12.819057  -3.5190306][53.157288 47.856804 40.935165]
39332[11.3999   12.831505  2.18184 ][53.740673 49.816048 40.945686]
39339[11.3999    12.831505   2.2552643][53.037262 50.516018 40.945686]
39358[11.405188  12.814634   1.2088261][50.298893 47.852074 40.957726]
39361[11.398024  12.830326  -2.2649727][53.102737 47.868008 40.935375]
39362[11.398024  12.830326  -2.7113094][54.356964 47.868008 40.935375]
39364[11.398024  12.830326  -3.6626968][53.095333 47.868008 40.935375]
39365[11.398024  12.830326  -0.8345938][53.506687 48.190254 40.935375]
39367[11.398024  12.830326  -3.1592598][53.86145  47.868008 40.935375]
39369[11.398024 12.830326 -2.815692][53.91301  47.868008 40.935375]
39373[11.400351  12.82893    3.2699184][54.146343 50.01914  40.94857 ]
39375[11.400351  12.82893    2.4632788][52.94116  51.385483 40.94857 ]
39376[11.400351  12.82893    3.1320515][53.46045 49.97048 40.94857]
39390[11.396944  12.831099  -5.2809925][51.82556  53.480797 40.939293]
39392[11.396944  12.831099  -4.1091948][50.614567 52.85837  40.939293]
39393[11.396944  12.831099  -4.8002357][50.64714  54.09142  40.939293]
39396[11.396944  12.831099  -4.9255333][51.58039  52.99064  40.939293]
39397[11.396944 12.831099 -4.528693][51.315113 52.429028 40.939293]
39398[11.396944 12.831099 -4.979265][50.971207 53.21158  40.939293]
39399[11.396944 12.831099 -4.871496][50.382988 53.24646  40.939293]
39400[11.395504  12.829906   1.9109831][53.373283 47.867573 40.952503]
39401[11.395504   12.829906   -0.10805607][53.624878 47.867573 40.952503]
39402[11.395504  12.829906   1.2481327][54.588463 47.867573 40.952503]
39403[11.395504  12.829906   1.3822746][54.629326 47.867573 40.952503]
39404[11.395504   12.829906   -0.36138725][55.616364 47.867573 40.952503]
39405[11.395504  12.829906   1.2404337][54.085514 47.867573 40.952503]
39406[11.395504   12.829906    0.95391464][54.494366 47.867573 40.952503]
39407[11.395504  12.829906   1.6788464][53.475693 47.867573 40.952503]
39408[11.395504   12.829906   -0.38418484][54.882088 47.867573 40.952503]
39409[11.395504   12.829906    0.28626347][55.64437  47.867573 40.952503]
39411[11.356642 12.837603  9.899786][57.086277 48.861324 40.92612 ]
39412[11.356642 12.837603  9.984467][56.225044 47.875824 40.92612 ]
39414[11.356642 12.837603  8.259134][56.041237 50.230606 40.92612 ]
39415[11.356642 12.837603  7.987732][56.635204 48.318344 40.92612 ]
39417[11.356642 12.837603  8.95179 ][57.7305   47.969738 40.92612 ]
39419[11.356642 12.837603  7.661606][56.61819 48.53515 40.92612]
39430[11.386471   12.8189335  -0.02031803][51.581882 47.856632 40.95278 ]
39432[11.386471  12.8189335  0.9287214][52.414524 47.856632 40.95278 ]
39433[11.386471  12.8189335  0.7194052][52.47204  48.039368 40.95278 ]
39439[11.386471  12.8189335  0.8444557][52.23597  47.856632 40.95278 ]
39440[11.394701  12.807409  -0.2932253][52.9828   51.077732 40.95333 ]
39441[11.394701  12.807409  -0.9146185][53.07103  52.188545 40.95333 ]
39442[11.394701   12.807409    0.18357658][53.1477   51.825417 40.95333 ]
39443[11.394701   12.807409   -0.61562634][52.22528  50.381104 40.95333 ]
39444[11.394701  12.807409  -1.2254286][53.006344 50.446575 40.95333 ]
39445[11.394701  12.807409   1.0749865][53.629456 51.097084 40.95333 ]
39446[11.394701  12.807409   1.2910185][52.831837 50.472527 40.95333 ]
39447[11.394701  12.807409  -0.6337719][53.193104 51.648872 40.95333 ]
39448[11.394701  12.807409  -0.6784353][52.895203 51.26945  40.95333 ]
39449[11.394701  12.807409  -1.0516806][53.258984 51.895824 40.95333 ]
39450[11.399069  12.834364  -3.9625864][51.879158 47.87209  40.93594 ]
39454[11.399069 12.834364 -4.068733][51.237667 47.87209  40.93594 ]
39455[11.399069  12.834364  -5.6069183][52.2703  47.87209 40.93594]
39459[11.399069  12.834364  -3.6378422][52.17883 47.87209 40.93594]
39472[11.398621  12.834967   3.5719995][53.293175 47.872696 40.93959 ]
39474[11.398621  12.834967   3.9359465][53.561325 47.872696 40.93959 ]
39479[11.398621 12.834967  3.66848 ][53.367695 47.872696 40.93959 ]
39480[11.389193   12.811953    0.11871529][53.45804 50.31026 40.93689]
39482[11.389193  12.811953  -2.1549397][52.90074  49.568752 40.93689 ]
39484[11.389193   12.811953   -0.75694656][52.06171  49.824673 40.93689 ]
39485[11.389193  12.811953  -1.8841696][53.516296 49.64915  40.93689 ]
39487[11.389193  12.811953  -1.5354071][52.943745 50.381905 40.93689 ]
39488[11.389193   12.811953   -0.01728344][53.22831  49.817593 40.93689 ]
39490[11.399469  12.821472   7.7079315][53.83044  47.85906  40.952232]
39492[11.399469 12.821472  7.968445][54.96764  47.85906  40.952232]
39498[11.399469  12.821472   6.8457108][54.952175 47.85906  40.952232]
39510[11.402069 12.820728 10.803703][52.588963 47.858276 40.952564]
39513[11.402069 12.820728  9.012981][54.511738 47.858276 40.952564]
39521[11.400242  12.834831   3.1302385][53.50921  50.723125 40.951195]
39527[11.400242  12.834831   2.5109224][52.900505 50.893536 40.951195]
39550[11.39679   12.828547   3.8158722][53.403473 47.866215 40.944363]
39551[11.39679   12.828547   3.9694586][53.411854 47.866215 40.944363]
39552[11.39679   12.828547   3.3792658][53.36195  47.866215 40.944363]
39553[11.39679  12.828547  3.185997][53.266136 49.688847 40.944363]
39556[11.39679  12.828547  2.71025 ][53.836582 48.3941   40.944363]
39557[11.39679   12.828547   3.8721657][52.732033 47.949623 40.944363]
39558[11.39679   12.828547   4.4060497][53.676003 48.04837  40.944363]
39559[11.39679   12.828547   3.4784317][52.73172  49.124126 40.944363]
39560[11.407909   12.8265705  -0.68843365][55.54828 47.8641  40.95065]
39561[11.407909  12.8265705  0.6197462][54.664078 47.8641   40.95065 ]
39562[11.407909  12.8265705  1.499896 ][54.84393 47.8641  40.95065]
39563[11.407909  12.8265705  1.525609 ][55.311157 47.8641   40.95065 ]
39564[11.407909  12.8265705  2.1171274][54.694923 47.8641   40.95065 ]
39565[11.407909   12.8265705   0.05090141][55.557583 47.8641   40.95065 ]
39566[11.407909  12.8265705  2.007762 ][53.824   47.8641  40.95065]
39567[11.407909   12.8265705  -0.45656586][55.74461 47.8641  40.95065]
39568[11.407909   12.8265705  -0.26765442][54.811356 47.8641   40.95065 ]
39569[11.407909   12.8265705  -0.59394455][55.12467 47.8641  40.95065]
