35216[11.368202 12.837616 13.520954][41.438133 47.875763 51.926735]
35218[11.368202 12.837616 13.520954][41.250736 47.875763 51.48927 ]
35220[11.385845 12.837313 13.5569  ][42.843544 47.87511  51.192955]
35224[11.385845 12.837313 13.5569  ][42.386234 47.87511  51.52769 ]
35226[11.385845 12.837313 13.5569  ][41.69026 47.87511 51.13686]
35260[11.408789 10.573521 13.559509][43.578064 47.86338  51.895096]
35263[11.408789 10.178062 13.559509][42.3466   47.86338  51.940186]
35264[11.408789 10.036156 13.559509][43.568813 47.86338  51.319046]
35268[11.408789 10.728491 13.559509][42.840153 47.86338  52.30055 ]
35270[11.395504  12.829906   0.6700239][54.360065 47.867573 40.952503]
35271[11.395504  12.829906   0.9081974][55.4634   47.867573 40.952503]
35272[ 1.1395504e+01  1.2829906e+01 -4.9247742e-03][54.48945  47.867573 40.952503]
35273[11.395504  12.829906   1.4155903][55.036896 47.867573 40.952503]
35274[11.395504  12.829906   1.3283634][53.744125 47.867573 40.952503]
35275[11.395504  12.829906  -0.5187588][54.33278  47.867573 40.952503]
35276[11.395504   12.829906    0.12023163][54.52373  47.867573 40.952503]
35277[11.395504  12.829906   1.0539131][54.515064 47.867573 40.952503]
35278[11.395504   12.829906    0.71930885][54.27991  47.867573 40.952503]
35279[11.395504 12.829906  1.294054][54.538982 47.867573 40.952503]
35290[11.399673  12.825596   6.7015495][52.50702  47.863186 40.95253 ]
35291[11.399673 12.825596  6.814583][53.534893 47.863186 40.95253 ]
35294[11.399673  12.825596   6.2650414][53.21735  47.863186 40.95253 ]
35296[11.399673  12.825596   7.2198486][52.949596 47.863186 40.95253 ]
35330[11.387953  12.816341   3.8422194][53.488457 50.87159  40.95569 ]
35332[11.387953  12.816341   2.7002592][53.448097 51.045475 40.95569 ]
35335[11.387953  12.816341   4.5545797][52.43932  51.750626 40.95569 ]
35337[11.387953  12.816341   3.8034391][53.426064 52.187824 40.95569 ]
35339[11.387953 12.816341  4.252796][54.19366 51.89773 40.95569]
35342[11.408577   12.832531    0.21807575][54.097492 49.294655 40.950897]
35346[11.408577   12.832531    0.20596218][53.78257  49.83738  40.950897]
35348[11.408577   12.832531    0.49010372][52.82407  50.051594 40.950897]
35349[11.408577  12.832531   1.0351305][52.58651  49.635902 40.950897]
35354[11.384489 12.821178  1.03442 ][53.198555 47.858936 40.9428  ]
35361[11.399847  12.835079   7.5681763][52.20805  47.908276 40.941612]
35364[11.399847 12.835079  6.583641][52.91823  48.821163 40.941612]
35365[11.399847 12.835079  8.825432][50.85198  47.87276  40.941612]
35390[11.392693  12.832129   4.4560776][53.384487 49.155037 40.93409 ]
35398[11.392693  12.832129   2.1437387][53.24117 49.66912 40.93409]
35421[11.393162  12.8305645 -0.2813654][53.719433 47.86831  40.934628]
35423[11.393162   12.8305645   0.27567196][52.552948 47.86831  40.934628]
35424[11.393162  12.8305645  1.9319963][52.453564 47.86831  40.934628]
35426[11.393162  12.8305645  1.0033274][53.14806  47.86831  40.934628]
35428[11.393162   12.8305645   0.36584282][53.413387 48.228195 40.934628]
35431[11.38352  12.835779 13.5494  ][48.77404  58.813763 40.947277]
35433[11.38352  12.835779 12.916048][49.467373 57.309547 40.947277]
35434[11.38352  12.835779 13.5494  ][48.647884 56.820484 40.947277]
35435[11.38352  12.835779 13.5494  ][49.612503 57.64412  40.947277]
35438[11.38352  12.835779 13.5494  ][50.326576 58.53779  40.947277]
35439[11.38352  12.835779 13.5494  ][50.28835  58.59141  40.947277]
35450[11.397995   12.837311    0.32995224][53.20236  47.87496  40.961853]
35451[11.397995  12.837311  -1.2272053][53.55617  47.87496  40.961853]
35452[11.397995   12.837311    0.02056503][53.56527  47.87496  40.961853]
35454[11.397995   12.837311    0.80595016][52.42924  47.87496  40.961853]
35456[11.397995   12.837311    0.89650345][52.145767 47.87496  40.961853]
35458[11.397995  12.837311   0.7796173][52.714973 47.87496  40.961853]
35459[11.397995   12.837311   -0.21402264][53.48413  47.87496  40.961853]
35461[11.403034  12.83168   -4.6385965][51.27684  50.543053 40.9419  ]
35464[11.403034 12.83168  -5.247052][50.522186 50.988552 40.9419  ]
35468[11.403034 12.83168  -6.038886][51.410988 50.236668 40.9419  ]
35478[11.400345  12.831734  -1.4274406][51.474545 47.869442 40.9321  ]
35496[11.398788 12.833796  8.95657 ][51.500244 48.369305 40.946136]
35522[11.353786  12.813679  -3.6467066][50.574505 49.997307 40.95318 ]
35525[11.353786  12.813679  -3.7725334][49.857765 50.019592 40.95318 ]
35530[11.390703  12.828087   2.7167091][52.409584 47.865856 40.93649 ]
35531[11.390703  12.828087   1.6050758][52.822742 47.865856 40.93649 ]
35532[11.390703 12.828087  2.029976][52.058964 47.865856 40.93649 ]
35533[11.390703  12.828087   2.7115536][53.34895 48.43273 40.93649]
35535[11.390703  12.828087   2.5022964][52.340084 47.865856 40.93649 ]
35536[11.390703  12.828087   2.7318316][51.62715  47.865856 40.93649 ]
35537[11.390703  12.828087   1.6677465][54.4072   47.865856 40.93649 ]
35538[11.390703 12.828087  3.069913][52.13448  47.865856 40.93649 ]
35539[11.390703  12.828087   3.0337324][52.2543   47.865856 40.93649 ]
35550[11.350073  12.80176   -6.4040318][50.53839  57.297787 40.943024]
35551[11.350073  12.80176   -6.3736362][49.477123 57.32778  40.943024]
35554[11.350073  12.80176   -7.0771704][49.431396 58.182426 40.943024]
35557[11.350073 12.80176  -6.347664][51.136246 56.67017  40.943024]
35558[11.350073  12.80176   -6.6890316][48.993813 57.488785 40.943024]
35559[11.350073 12.80176  -6.966441][50.376907 56.52211  40.943024]
35570[11.402763 12.825417 -4.861846][53.979244 47.863068 40.93107 ]
35572[11.402763 12.825417 -4.433572][52.435734 47.863068 40.93107 ]
35573[11.402763 12.825417 -5.176347][53.89545  47.863068 40.93107 ]
35575[11.402763  12.825417  -3.0279427][53.40006  47.863068 40.93107 ]
35576[11.402763  12.825417  -4.5757866][53.21927  47.863068 40.93107 ]
35577[11.402763  12.825417  -3.8841934][52.653805 47.863068 40.93107 ]
35578[11.402763  12.825417  -3.6250935][52.488316 47.863068 40.93107 ]
35581[11.421446 12.806341  3.873849][54.218063 52.316105 40.906685]
35623[11.388256  12.82958    1.6203842][52.940063 50.327354 40.946873]
35625[11.388256  12.82958    1.4426613][53.240658 50.5026   40.946873]
35650[11.398628 12.827555  7.302067][53.8145   47.86516  40.953373]
35651[11.398628  12.827555   5.7874975][53.116714 47.86516  40.953373]
35652[11.398628  12.827555   6.5338097][53.362286 48.52471  40.953373]
35653[11.398628  12.827555   7.7743416][52.906807 49.851986 40.953373]
35654[11.398628  12.827555   6.8383255][52.47487  49.080433 40.953373]
35655[11.398628 12.827555  8.632587][52.69454  49.677444 40.953373]
35656[11.398628  12.827555   6.0386696][52.334526 47.86516  40.953373]
35657[11.398628 12.827555  5.962345][54.376896 48.86218  40.953373]
35658[11.398628 12.827555  7.8393  ][53.220108 48.776955 40.953373]
35659[11.398628 12.827555  6.627556][54.02658  49.178413 40.953373]
35670[11.3874855 12.828482   6.1965218][54.108532 51.828613 40.93239 ]
35671[11.3874855 12.828482   6.251215 ][54.805054 51.999805 40.93239 ]
35672[11.3874855 12.828482   5.991251 ][54.411396 53.235176 40.93239 ]
35673[11.3874855 12.828482   5.4565096][53.403732 50.596153 40.93239 ]
35674[11.3874855 12.828482   5.625244 ][54.226257 50.733765 40.93239 ]
35675[11.3874855 12.828482   6.318283 ][54.37695 50.75076 40.93239]
35676[11.3874855 12.828482   6.5829906][53.019806 50.910225 40.93239 ]
35677[11.3874855 12.828482   7.0263367][52.976562 50.768154 40.93239 ]
35678[11.3874855 12.828482   6.5858173][54.167084 51.686295 40.93239 ]
35679[11.3874855 12.828482   5.639202 ][54.287384 51.149635 40.93239 ]
35680[11.367254 12.811947 -2.428567][53.41613  51.103497 40.93947 ]
35681[11.367254  12.811947  -3.4359398][53.420727 50.859325 40.93947 ]
35682[11.367254 12.811947 -4.489395][53.630062 50.34319  40.93947 ]
35684[11.367254  12.811947  -3.2509537][53.066143 51.035774 40.93947 ]
35685[11.367254  12.811947  -4.4444847][53.71033  49.649536 40.93947 ]
35710[11.395132  12.821503  -2.1367445][52.75465  51.820457 40.938026]
35711[11.395132   12.821503   -0.83063793][51.52109  52.973568 40.938026]
35712[11.395132  12.821503  -1.2925301][52.11354  51.996193 40.938026]
35714[11.395132  12.821503  -1.8028116][52.844543 52.341927 40.938026]
35715[11.395132  12.821503  -0.6136532][51.52424  52.101604 40.938026]
35716[11.395132  12.821503  -0.8002863][51.624493 52.35246  40.938026]
35718[11.395132 12.821503 -2.487897][52.79303  51.938187 40.938026]
35721[11.40312  12.823843  8.684956][54.401745 47.8614   40.949524]
35722[11.40312  12.823843  9.440805][54.820644 47.8614   40.949524]
35723[11.40312  12.823843  9.605362][53.24534  47.8614   40.949524]
35724[11.40312  12.823843  8.570843][54.431065 47.8614   40.949524]
35725[11.40312  12.823843  7.774143][53.96488  47.8614   40.949524]
35727[11.40312  12.823843  8.035913][54.610146 47.8614   40.949524]
35730[11.409624  12.8248825  1.8880606][54.53347  47.862354 40.951454]
35731[11.409624   12.8248825   0.40003204][56.79938  47.862354 40.951454]
35732[11.409624  12.8248825  1.6411943][54.723995 47.862354 40.951454]
35733[11.409624   12.8248825   0.96885014][55.645725 47.862354 40.951454]
35734[11.409624  12.8248825  0.6675873][54.602467 47.862354 40.951454]
35735[11.409624   12.8248825  -0.12218094][55.35567  47.862354 40.951454]
35736[11.409624  12.8248825  1.4494247][53.573788 47.862354 40.951454]
35737[11.409624  12.8248825  0.8673563][54.319515 47.862354 40.951454]
35738[11.409624   12.8248825   0.72012997][55.894497 47.862354 40.951454]
35739[ 1.14096241e+01  1.28248825e+01 -7.69615173e-03][56.11657  47.862354 40.951454]
35741[11.360699 12.817001  5.800934][53.56166  47.854965 40.93718 ]
35744[11.360699  12.817001   6.1039276][52.976692 47.854965 40.93718 ]
35745[11.360699  12.817001   5.1872215][53.88201  47.854965 40.93718 ]
35747[11.360699 12.817001  5.06981 ][54.353554 48.617302 40.93718 ]
35754[11.394127   12.832136   -0.50296116][54.130142 47.86988  40.935944]
35756[11.394127   12.832136    0.40030384][53.391163 47.86988  40.935944]
35757[11.394127   12.832136    0.59510136][53.741344 47.86988  40.935944]
35758[11.394127   12.832136   -0.03078461][53.338123 47.86988  40.935944]
35760[11.383881  12.832134  -1.8434944][53.202934 54.63215  40.95092 ]
35761[11.383881  12.832134  -1.9591236][52.682987 54.793125 40.95092 ]
35762[11.383881  12.832134  -1.2174606][52.318336 55.19325  40.95092 ]
35763[11.383881  12.832134  -1.3449583][50.545258 55.979843 40.95092 ]
35764[11.383881  12.832134  -3.4663982][52.61887  54.895172 40.95092 ]
35765[11.383881  12.832134  -2.4407473][53.390583 54.860157 40.95092 ]
35766[11.383881  12.832134  -3.1281404][51.362263 55.437344 40.95092 ]
35767[11.383881  12.832134  -2.7521877][52.042305 54.451515 40.95092 ]
35768[11.383881  12.832134  -1.6140823][51.407455 55.82084  40.95092 ]
35769[11.383881 12.832134 -3.021162][52.18699 54.35904 40.95092]
35791[11.31385  12.752647 13.345053][44.133213 62.223343 40.91719 ]
35792[11.31385  12.752647 13.518929][43.366272 63.89374  40.91719 ]
35794[11.31385  12.752647 13.518929][43.2273  63.48216 40.91719]
35795[11.31385  12.752647 11.609173][44.552124 62.738773 40.91719 ]
35798[11.31385  12.752647 13.412125][43.375687 61.575813 40.91719 ]
35810[11.405092  12.833294   0.5619774][53.27999  47.870872 40.95107 ]
35811[11.405092   12.833294   -0.74603367][55.198166 47.870872 40.95107 ]
35812[11.405092  12.833294  -0.3198452][54.175632 47.870872 40.95107 ]
35813[11.405092 12.833294  1.542593][53.43828  47.870872 40.95107 ]
35814[11.405092  12.833294  -1.1081743][53.884262 47.870872 40.95107 ]
35815[11.405092   12.833294    0.76218605][54.096256 47.870872 40.95107 ]
35816[11.405092   12.833294   -0.24246788][54.77362  47.870872 40.95107 ]
35817[11.405092 12.833294  1.882103][53.769947 47.870872 40.95107 ]
35818[11.405092   12.833294    0.21827507][53.98869  47.870872 40.95107 ]
35819[11.405092  12.833294   1.1801462][53.811005 47.870872 40.95107 ]
35820[11.401516  12.821074   4.3482475][54.293896 50.86754  40.950054]
35821[11.401516  12.821074   1.4143848][55.384235 51.11219  40.950054]
35822[11.401516  12.821074   2.8363457][55.16783  53.19633  40.950054]
35823[11.401516  12.821074   1.4052572][54.46095  51.3117   40.950054]
35824[11.401516 12.821074  2.549284][55.24784  51.513947 40.950054]
35825[11.401516 12.821074  2.538721][55.177444 50.43808  40.950054]
35826[11.401516  12.821074   2.7302656][55.325005 49.82907  40.950054]
35827[11.401516 12.821074  3.699605][54.92673  50.35328  40.950054]
35828[11.401516  12.821074   4.0243845][54.520428 49.57517  40.950054]
35829[11.401516 12.821074  2.9613  ][54.828106 50.14164  40.950054]
35832[11.400768 12.821089 10.645184][55.056473 47.85862  40.95566 ]
35865[11.394745  12.825626  -1.8848782][52.364613 47.863327 40.934612]
35869[11.394745  12.825626  -1.4372644][53.48614  47.863327 40.934612]
35870[11.402777  12.804886  -2.2723942][54.318687 47.842293 40.949097]
35871[11.402777  12.804886  -1.7174234][54.00169  47.842293 40.949097]
35872[11.402777  12.804886  -1.7744427][54.178776 47.842293 40.949097]
35873[11.402777  12.804886  -2.7564077][54.01544  47.842293 40.949097]
35874[11.402777  12.804886  -4.4451027][54.438354 47.842293 40.949097]
35878[11.402777 12.804886 -0.846961][52.802177 47.842293 40.949097]
35879[11.402777  12.804886  -3.5979528][54.038757 47.842293 40.949097]
35890[11.409624   12.8248825   0.74869347][55.569633 47.862354 40.951454]
35891[11.409624   12.8248825   0.93698883][55.863018 47.862354 40.951454]
35892[11.409624  12.8248825 -0.3886137][56.420025 47.862354 40.951454]
35893[11.409624  12.8248825  1.1603622][54.753613 47.862354 40.951454]
35894[11.409624   12.8248825   0.16830254][55.05601  47.862354 40.951454]
35895[11.409624  12.8248825  1.0488825][55.62172  47.862354 40.951454]
35896[11.409624   12.8248825   0.78275204][55.37579  47.862354 40.951454]
35897[11.409624   12.8248825   0.40607738][54.783722 47.862354 40.951454]
35898[11.409624  12.8248825  1.2013674][54.19786  47.862354 40.951454]
35899[11.409624   12.8248825  -0.14938354][55.57444  47.862354 40.951454]
35900[11.398687 12.8333    1.572689][52.21412 48.0708  40.95088]
35901[11.398687  12.8333     1.5452166][52.50083  47.995247 40.95088 ]
35908[11.398687  12.8333     0.5561781][51.54319  49.224846 40.95088 ]
35960[11.390139  12.821215   2.4853773][53.388306 47.858852 40.952454]
35961[11.390139  12.821215   3.9284353][52.70611  47.858852 40.952454]
35962[11.390139  12.821215   3.8253784][54.27959  47.858852 40.952454]
35963[11.390139 12.821215  3.829362][53.678276 47.858852 40.952454]
35964[11.390139  12.821215   2.6590586][53.95997  47.858852 40.952454]
35965[11.390139 12.821215  4.052825][53.387196 47.858852 40.952454]
35966[11.390139  12.821215   4.8375072][52.698227 47.858852 40.952454]
35967[11.390139  12.821215   1.9005699][53.418987 47.858852 40.952454]
35968[11.390139  12.821215   2.9497738][54.43539  47.858852 40.952454]
35969[11.390139  12.821215   2.8081837][54.54895  47.858852 40.952454]
36040[11.390945  12.810244   1.5793352][54.77533  50.954605 40.954674]
36041[11.390945 12.810244  1.224371][54.183388 51.443993 40.954674]
36042[11.390945  12.810244   2.9335976][54.405113 52.27091  40.954674]
36043[11.390945  12.810244   3.5829678][54.31217  51.819294 40.954674]
36044[11.390945  12.810244   3.0657187][54.170914 51.815548 40.954674]
36045[11.390945  12.810244   2.7171469][52.76569  51.74589  40.954674]
36046[11.390945 12.810244  3.24376 ][53.59684  49.793358 40.954674]
36047[11.390945  12.810244   2.4322338][54.485786 50.896446 40.954674]
36048[11.390945  12.810244   2.8071842][54.591682 51.245674 40.954674]
36049[11.390945  12.810244   3.6984978][54.6206   50.70636  40.954674]
36063[11.400265  12.830843   2.6329002][53.24711  49.838203 40.953465]
36064[11.400265  12.830843   2.8033113][54.096203 49.634872 40.953465]
36065[11.400265  12.830843   3.1925144][53.656635 50.530033 40.953465]
36095[11.399904 12.822491 13.549751][47.70798  47.860073 43.003685]
36096[11.399904 12.822491 13.549751][48.56897  47.860073 43.042957]
36097[11.399904 12.822491 13.549751][48.488197 47.860073 43.018726]
36098[11.399904 12.822491 13.549751][48.393772 47.860073 43.73772 ]
36108[11.398512 12.826248 13.54657 ][39.731407 62.366245 41.22404 ]
36110[11.377958  12.811029  -3.2479992][54.718857 47.84876  40.947445]
36111[11.377958 12.811029 -3.645503][53.48494  47.84876  40.947445]
36114[11.377958  12.811029  -1.6017475][54.052032 47.84876  40.947445]
36117[11.377958  12.811029  -2.7156305][54.011944 47.84876  40.947445]
36119[11.377958  12.811029  -3.1727257][52.99951  47.84876  40.947445]
36130[11.385984  12.81115   -2.7184243][55.103718 54.8889   40.955063]
36132[11.385984 12.81115  -2.722887][53.393944 53.614517 40.955063]
36133[11.385984  12.81115   -3.5688834][53.636433 52.90687  40.955063]
36134[11.385984 12.81115  -2.283564][54.618923 53.783188 40.955063]
36135[11.385984  12.81115   -3.5132165][54.03263  52.147762 40.955063]
36137[11.385984  12.81115   -3.6567612][54.015602 53.474003 40.955063]
36139[11.385984  12.81115   -2.9634433][54.48967  54.210724 40.955063]
36150[11.39097  12.822226 -6.450115][50.708168 51.33876  40.954334]
36151[11.39097  12.822226 -7.204915][50.470215 49.455887 40.954334]
36152[11.39097  12.822226 -7.616664][50.16091  50.208004 40.954334]
