26065[11.405714 12.823793 13.554642][52.091785 47.861298 40.95245 ]
26066[11.405714 12.823793 13.554642][52.004814 47.861298 40.95245 ]
26130[11.40703  12.826632 13.554377][51.56697  47.864143 40.952198]
26173[11.39365  12.52743  13.561737][44.367027 47.85843  47.772697]
26177[11.39365  12.820835 13.561737][44.07734  47.85843  48.890297]
26179[11.39365  12.820835 13.561737][44.419548 47.85843  48.421513]
26239[11.405031 12.827253 13.552584][51.26416  47.994774 40.9504  ]
26241[11.39941  12.824821 13.557934][40.085503 47.86241  51.66979 ]
26242[11.39941  12.824821 13.557934][40.262077 47.86241  53.383015]
26243[11.39941  12.824821 13.557934][40.8359  47.86241 51.32687]
26244[11.39941  12.824821 13.557934][39.661602 47.86241  52.284893]
26245[11.39941  12.824821 13.557934][39.248768 47.86241  52.322758]
26247[11.39941  12.824821 13.557934][39.42627 47.86241 52.64356]
26249[11.39941  12.824821 13.557934][39.205482 47.86241  52.841965]
26251[11.396469 12.829878 13.542736][48.191803 48.460266 41.539474]
26253[11.396469 12.829878 13.542736][48.477486 47.867577 40.94068 ]
26254[11.396469 12.829878 13.485565][47.95143  47.867577 40.94068 ]
26258[11.396469 12.829878 13.542736][48.293655 48.240448 41.146645]
26291[11.379036 12.821365 13.585159][45.59159  47.859024 51.921986]
26297[11.379036 12.821365 13.585159][45.47228  47.859024 51.51133 ]
26355[11.391689  12.824863  13.5610695][45.467773 47.86253  45.39356 ]
26371[11.404743 12.829592 13.553986][52.18647  47.86715  40.951828]
26410[11.395882 12.83498  13.557707][45.89615  47.872658 41.871998]
26460[11.404507 12.828043 13.558741][51.084522 47.86555  40.956524]
26467[11.404507 12.828043 13.558741][50.78508  48.07129  40.956524]
26468[11.404507 12.828043 13.558741][52.14287  48.621643 40.956524]
26520[11.40789  12.742935 13.579756][44.528206 47.823616 44.52321 ]
26624[11.391645 12.834982 13.547718][46.714245 48.55391  45.016098]
26627[11.391645 12.834982 13.547718][46.440838 48.309357 45.097733]
26642[11.391111 12.833822 13.56105 ][45.841652 47.95362  46.414066]
26684[11.394114 12.832985 13.555325][42.8668   49.331127 49.970863]
26687[11.394114 12.832985 13.555325][43.5324   47.870667 49.94576 ]
26688[11.394114 12.832985 13.555325][43.915394 47.978325 49.38766 ]
26710[11.390606 12.832689 13.544304][48.340797 47.87048  44.537846]
26712[11.390606 12.832689 13.544304][47.643524 48.914967 46.27842 ]
26713[11.390606 12.832689 13.544304][47.797855 47.87048  45.599873]
26718[11.390606 12.832689 13.544304][48.822746 47.87048  45.702843]
26730[11.395029 12.83806  13.553345][39.315186 47.875774 51.601364]
26731[11.30991  12.83806  13.553345][38.93297  47.875774 52.132996]
26733[11.395029 12.83806  13.553345][40.166008 47.875774 51.64035 ]
26735[11.395029 12.83806  13.553345][39.756226 47.875774 51.62136 ]
26736[11.395029 12.83806  13.553345][39.909126 47.875774 51.17626 ]
26739[11.395029 12.83806  13.553345][39.991512 48.074684 51.583714]
26770[11.395071 12.827278 13.558382][44.70582  47.86492  48.565197]
26773[11.395071 12.827278 13.558382][45.576946 47.86492  50.117764]
26775[11.395071 12.827278 13.558382][45.04864  47.86492  49.862923]
26778[11.395071 12.827278 13.558382][46.256554 47.86492  49.11669 ]
26779[11.395071 12.827278 13.558382][44.48901  47.86492  49.843716]
26792[11.38537  12.852545 13.55312 ][43.74105  47.89049  48.338978]
26793[11.38537  12.852545 13.55312 ][44.09981 47.89049 48.31892]
26797[11.38537  12.852545 13.55312 ][44.659256 47.89049  47.88799 ]
26844[11.3977375 12.831213  13.541855 ][45.429073 47.868908 47.045635]
26845[11.3977375 12.831213  13.541855 ][45.413326 47.868908 46.58655 ]
26868[11.387772 12.843145 13.568085][43.694412 47.88092  48.20958 ]
26936[11.390755 12.835428 13.556595][42.890953 47.873188 48.520836]
26961[11.392578 12.823702 13.558357][43.695927 47.86134  49.10934 ]
26964[11.392578 12.823702 13.558357][44.918655 47.86134  47.90951 ]
26966[11.392578 12.823702 13.558357][44.017128 47.86134  46.824356]
27060[ 6.1782875 12.828049  13.55875  ][38.935627 47.865665 57.921783]
27063[ 6.6979523 12.828049  13.55875  ][38.935627 47.865665 55.82384 ]
27067[ 6.779007 12.828049 13.55875 ][38.935627 47.865665 57.398327]
27068[ 7.1114864 12.828049  13.55875  ][38.935627 47.865665 57.216846]
27086[11.404743 12.829592 13.553986][51.680233 48.676113 40.951828]
27089[11.404743 12.829592 13.553986][51.056606 47.86715  40.951828]
