21494[11.396873 12.287642 13.547958][41.53541  47.86902  49.047203]
21524[11.406055 10.004847 13.559765][41.581825 47.859253 48.51498 ]
21525[11.406055  9.616875 13.559765][41.689133 47.859253 48.933956]
21529[11.406055 10.321812 13.559765][41.509487 47.859253 48.527805]
21554[11.396008 12.837143 13.553398][41.979362 47.87484  50.26415 ]
21559[11.396008 12.837143 13.553398][42.035187 47.87484  49.24034 ]
21560[11.398609 12.829477 13.548275][42.098713 47.867138 51.88919 ]
21564[11.398609 12.829477 13.548275][42.237396 47.867138 51.3113  ]
21565[11.398609 12.829477 13.548275][41.33966  47.867138 52.30619 ]
21568[11.398609 12.829477 13.548275][42.820713 47.867138 51.273643]
21594[11.399452 12.82929  13.560894][48.115974 47.86687  46.670902]
21596[11.399452 12.82929  13.560894][49.530273 47.86687  45.547882]
21631[11.395683 12.816856 13.552101][39.98924  47.85444  51.450855]
21666[11.401823 12.838894 13.565269][48.91547  47.87652  44.309902]
21680[10.443647 12.823561 13.553303][39.359283 47.861122 51.446434]
21681[10.486771 12.823561 13.553303][39.2681   47.861122 51.60813 ]
21688[10.303204 12.823561 13.553303][39.12826  47.861122 51.793934]
21712[11.405586  9.117214 13.560049][38.955647 47.860313 49.764214]
21748[11.395119 12.824318 13.546761][44.56416  47.861958 49.759113]
21749[11.395119 12.824318 13.546761][44.819386 47.861958 48.513172]
21783[ 7.0178185 12.841803  13.563072 ][38.942772 47.879402 53.144093]
21835[11.401245  12.8312645 13.550838 ][42.034607 47.86889  51.880165]
21902[11.405865 12.824118 13.556774][50.71601  47.861633 46.83123 ]
21911[ 7.3119946 12.826544  13.561209 ][38.932693 47.86417  53.39869 ]
22170[11.406124 12.839066 13.563412][49.634853 47.87667  44.069004]
22220[ 8.399746 12.83675  13.556368][38.930996 47.874485 53.959587]
22221[ 8.834888 12.83675  13.556368][38.930996 47.874485 55.307842]
22222[ 9.7858715 12.83675   13.556368 ][38.930996 47.874485 54.28663 ]
22223[ 9.208393 12.83675  13.556368][38.930996 47.874485 53.97975 ]
22224[10.572275 12.83675  13.556368][38.930996 47.874485 53.790268]
22225[ 8.873959 12.83675  13.556368][38.930996 47.874485 53.725597]
22227[ 8.14196  12.83675  13.556368][38.930996 47.874485 54.548893]
22229[ 9.108715 12.83675  13.556368][38.930996 47.874485 53.58809 ]
22260[10.203865 12.827301 13.563877][39.3355   47.86496  53.144226]
22261[10.469761 12.827301 13.563877][39.01377  47.86496  56.190098]
22262[ 9.42207  12.827301 13.563877][38.92893  47.86496  55.386433]
22263[10.037071 12.827301 13.563877][38.92893  47.86496  54.365643]
22264[ 9.641489 12.827301 13.563877][38.92893  47.86496  54.530685]
22265[10.971352 12.827301 13.563877][39.773453 47.86496  54.02426 ]
22266[10.64855  12.827301 13.563877][39.307335 47.86496  55.546352]
22267[ 9.505039 12.827301 13.563877][38.92893  47.86496  55.020287]
22269[ 8.690796 12.827301 13.563877][38.92893  47.86496  54.862164]
22273[11.401203 12.827194 13.560566][48.821606 47.86476  46.09714 ]
22275[11.401203 12.827194 13.560566][48.880478 47.86476  44.64354 ]
22329[11.404268 12.823952 13.557156][49.46094  47.86147  45.331963]
22360[11.394875 12.836767 13.543173][40.940544 47.87455  51.988735]
22380[ 9.059731 12.832388 13.557598][38.931004 47.8701   54.651535]
22382[ 9.213123 12.832388 13.557598][38.931004 47.8701   55.965057]
22384[ 9.532303 12.832388 13.557598][38.931004 47.8701   55.144382]
22385[10.980312 12.832388 13.557598][38.931004 47.8701   55.353336]
22387[10.211819 12.832388 13.557598][38.931004 47.87684  53.542034]
22388[ 9.6338825 12.832388  13.557598 ][38.931004 47.8701   55.500248]
22482[10.78413  12.812325 13.554234][39.518787 47.849827 52.310642]
22485[10.3717575 12.812325  13.554234 ][39.029594 47.849827 52.7569  ]
22491[11.400866 12.817852 13.549065][44.603725 47.855385 48.0862  ]
22493[11.400866 12.817852 13.549065][44.21234  47.855385 46.830276]
22494[11.400866 12.817852 13.549065][44.79969  47.855385 47.698227]
22496[11.400866 12.817852 13.549065][43.889328 47.855385 48.531822]
22498[11.400866 12.817852 13.549065][45.196404 47.855385 48.35232 ]
22499[11.400866 12.817852 13.549065][45.039684 47.855385 48.29387 ]
22570[10.6465   12.827528 13.56382 ][39.07512  47.86514  52.994972]
22571[10.821892 12.827528 13.56382 ][39.78458  47.86514  53.311104]
22572[11.251648 12.827528 13.56382 ][39.83611  47.86514  53.364475]
22573[10.476345 12.827528 13.56382 ][38.9318  47.86514 53.71872]
22574[11.2344265 12.827528  13.56382  ][39.76221  47.86514  54.391758]
22575[ 8.271099 12.827528 13.56382 ][38.9318   47.86514  54.657337]
22576[10.436928 12.827528 13.56382 ][38.9318   47.86514  54.432095]
22577[11.24139  12.827528 13.56382 ][40.047974 47.86514  53.089375]
22578[10.109074 12.827528 13.56382 ][38.9318   47.86514  53.905594]
22579[ 9.970274 12.827528 13.56382 ][38.9318   47.86514  54.179935]
