30693[10.485819 12.037943 13.53109 ][39.39516  47.87581  53.751156]
30930[11.375065 12.847254 13.546219][43.89625  49.09709  43.140644]
30931[11.375065 12.847254 13.546219][44.621456 49.400368 43.38637 ]
30938[11.375065 12.847254 13.546219][44.030308 48.877586 42.890774]
30961[11.390474 11.682089 13.570007][40.920788 47.888195 54.650204]
30962[11.390474 12.141388 13.570007][39.835327 47.888195 54.265987]
30963[11.390474 12.175314 13.570007][40.02672  47.888195 54.76387 ]
30965[11.390474 11.447594 13.570007][40.493717 47.888195 53.36259 ]
30966[11.390474 11.260567 13.570007][40.721363 47.888195 53.30892 ]
30968[11.390474 11.350355 13.570007][41.43193  47.888195 53.459507]
31051[11.405308 12.832603 13.525284][41.74361  47.870316 50.331112]
31321[11.331413  8.488184 13.554813][38.931458 47.871147 48.613895]
31323[11.393526  9.131786 13.554813][39.457573 47.871147 49.134197]
31324[11.393526  9.305262 13.554813][39.352623 47.871147 49.913605]
31325[11.393526  9.524818 13.554813][39.549812 47.871147 49.86595 ]
31326[11.393526  8.962515 13.554813][38.931458 47.871147 51.22177 ]
31327[11.164764  9.091267 13.554813][38.931458 47.871147 50.10012 ]
31329[11.178539  9.665693 13.554813][38.931458 47.871147 49.668987]
31370[11.393278 10.88493  13.572811][39.565163 47.898956 51.34541 ]
31440[11.394913  12.8348675 13.552944 ][39.114037 47.87259  54.40148 ]
31441[11.394913  12.8348675 13.552944 ][39.109337 47.87259  54.285995]
31442[11.394913  12.8348675 13.552944 ][39.63813 47.87259 53.27573]
31443[11.394913  12.8348675 13.552944 ][40.04573  47.87259  55.258633]
31444[11.394913  12.8348675 13.552944 ][40.139915 47.87259  52.498634]
31445[11.394913  12.8348675 13.552944 ][40.49955 47.87259 53.67231]
31446[11.394913  12.8348675 13.552944 ][41.31481  47.87259  54.196594]
31447[11.394913  12.8348675 13.552944 ][39.040863 47.87259  55.280136]
31448[11.394913  12.8348675 13.552944 ][40.15326 47.87259 54.57886]
31449[11.394913  12.8348675 13.552944 ][40.318874 47.87259  54.561302]
31490[11.407612 12.834162 13.517525][42.345005 47.871864 47.15097 ]
