29402[11.39484  12.831942 13.557882][43.586334 47.86964  48.029926]
29625[11.388124 12.842653 13.551172][41.339386 47.880478 49.771618]
29629[11.388124 12.842653 13.551172][41.576843 47.880478 49.371315]
29840[11.3966255 11.648743  13.553921 ][40.693165 47.864914 52.82568 ]
29841[11.3966255 11.341354  13.553921 ][41.110085 47.864914 52.691772]
29842[11.3966255 12.126488  13.553921 ][42.13833  47.864914 52.304478]
29844[11.3966255 12.331675  13.553921 ][40.16152  47.864914 54.299072]
29952[11.381643 12.822041 13.571007][41.649406 47.85972  48.436638]
29953[11.381643 12.822041 13.571007][41.922775 47.85972  48.571465]
30014[10.569908 10.254721 13.583443][38.95227  47.890217 50.9377  ]
30040[11.387255 12.842539 13.550007][42.223648 47.88041  51.089695]
30044[11.387255 12.842539 13.550007][41.61408 47.88041 50.33137]
30047[11.387255 12.842539 13.550007][41.382877 47.88041  49.554504]
30180[11.390942 12.839594 13.55168 ][40.427605 47.877377 51.55067 ]
30181[11.390942 12.839594 13.55168 ][39.87494  47.877377 52.787777]
30183[11.390942 12.839594 13.55168 ][40.818466 47.877377 52.12808 ]
30185[11.390942 12.839594 13.55168 ][40.02823  47.877377 52.396732]
30186[11.390942 12.839594 13.55168 ][41.254593 47.877377 51.780605]
30187[11.390942 12.839594 13.55168 ][41.332394 47.877377 52.27931 ]
30280[11.391987 12.826202 13.564774][40.387917 47.863857 51.596584]
30281[11.391987 12.826202 13.564774][40.099655 47.863857 50.657936]
30282[11.391987 12.826202 13.564774][40.838142 47.863857 52.886448]
30283[11.391987 12.826202 13.564774][40.37327  47.863857 50.300117]
30284[11.391987 12.826202 13.564774][40.739677 47.863857 51.933334]
30285[11.391987 12.826202 13.564774][42.110622 47.863857 51.86428 ]
30287[11.391987 12.826202 13.564774][41.21442  47.863857 50.55616 ]
30288[11.391987 12.515255 13.564774][41.107918 47.863857 52.110184]
30289[11.391987 12.826202 13.564774][40.406258 47.863857 50.54324 ]
30380[11.105797 12.837343 13.532928][38.922825 47.875267 53.084194]
30381[11.384926 12.837343 13.532928][40.88056  47.875267 52.318443]
30382[11.384926 12.837343 13.532928][40.207397 47.875267 53.050434]
30384[11.384926 12.837343 13.532928][41.17487  47.875267 51.945477]
30385[11.384926 12.837343 13.532928][40.03756  47.875267 53.353607]
30388[11.384926 12.837343 13.532928][39.795456 47.875267 52.46555 ]
30470[11.395487 12.832945 13.550209][42.518257 47.87066  55.290478]
30472[11.395487 12.832945 13.550209][42.65207 47.87066 55.8036 ]
30473[11.395487 12.832945 13.550209][40.67017 47.87066 55.99672]
30475[10.332563 12.832945 13.550209][39.46554 47.87066 56.56108]
30476[11.395487 12.832945 13.550209][41.58883 47.87066 56.67224]
30477[11.395487 12.832945 13.550209][42.960217 47.87066  55.62828 ]
30478[11.395487 12.832945 13.550209][41.87224  47.87066  56.210808]
30480[11.395924 12.835829 13.550602][41.710148 47.873543 52.33465 ]
30481[11.395924 12.835829 13.550602][40.747654 47.873543 51.217262]
30482[11.395924 12.835829 13.550602][40.707645 47.873543 52.52808 ]
30483[11.395924 12.835829 13.550602][39.14521  47.873543 53.65538 ]
30484[11.395924 12.835829 13.550602][40.720844 47.873543 52.759144]
30486[11.395924 12.835829 13.550602][40.599266 47.873543 51.953804]
30487[11.395924 12.835829 13.550602][41.31301  47.873543 52.46228 ]
30488[11.395924 12.835829 13.550602][41.000748 47.873543 51.78933 ]
30489[11.395924 12.835829 13.550602][40.745525 47.873543 51.688953]
