5650[11.39329  12.833658 13.557064][46.590157 50.2347   45.77014 ]
5651[11.39329  12.833658 13.557064][47.278458 50.800163 45.59772 ]
5652[11.39329  12.833658 13.557064][46.22682  49.98111  47.159668]
5653[11.39329  12.833658 13.557064][45.94446  50.07825  45.270267]
5654[11.39329  12.833658 13.557064][46.97749  50.881042 45.681694]
5655[11.39329  12.833658 13.557064][46.939957 50.994164 45.926567]
5656[11.39329  12.833658 13.557064][46.415394 49.574154 45.282436]
5657[11.39329  12.833658 13.557064][46.246933 49.513573 45.095047]
5658[11.39329  12.833658 13.557064][46.32148  50.368896 46.332397]
5659[11.39329  12.833658 13.557064][46.399246 50.708134 45.27764 ]
5751[11.40144  12.826254 13.562208][41.53708 47.86381 48.81336]
5758[11.40144  12.826254 13.562208][41.679222 47.86381  49.34927 ]
5820[11.396774 12.848124 13.54281 ][44.516968 47.885956 48.947056]
5821[11.396774 12.848124 13.54281 ][43.21092  47.885956 49.443443]
5826[11.396774 12.848124 13.54281 ][42.88201  47.885956 50.98772 ]
5827[11.396774 12.848124 13.54281 ][44.66979  47.885956 49.292908]
5828[11.396774 12.848124 13.54281 ][42.805717 47.885956 50.669903]
5843[11.394283 11.73181  13.560459][42.540516 47.85151  52.16777 ]
