36160[11.409624  12.8248825  0.4886303][54.81918  47.862354 40.951454]
36161[11.409624   12.8248825   0.79389477][54.742455 47.862354 40.951454]
36162[11.409624  12.8248825  1.1041832][54.29149  47.862354 40.951454]
36163[11.409624  12.8248825  2.0571756][54.392567 47.862354 40.951454]
36164[11.409624   12.8248825  -0.07972527][56.103043 47.862354 40.951454]
36165[11.409624   12.8248825   0.55662537][54.60647  47.862354 40.951454]
36166[11.409624  12.8248825  1.7284355][54.571575 47.862354 40.951454]
36167[11.409624  12.8248825  0.487072 ][56.18299  47.862354 40.951454]
36168[11.409624  12.8248825  1.0099869][55.578068 47.862354 40.951454]
36169[11.409624   12.8248825   0.68699646][54.459072 47.862354 40.951454]
36183[11.393263  12.830639   5.0577936][53.176468 47.868374 40.943443]
36186[11.393263  12.830639   6.7686234][52.92801  47.868374 40.943443]
36187[11.393263  12.830639   4.9430466][54.46982  47.868374 40.943443]
36188[11.393263 12.830639  5.798996][53.26718  47.868374 40.943443]
36189[11.393263  12.830639   6.2208576][53.66895  47.868374 40.943443]
36190[11.410633  12.814878  -4.3195095][47.57855  56.414032 40.908073]
36192[11.410633 12.814878 -5.521617][47.014824 58.186115 40.908073]
36195[11.410633  12.814878  -5.2228155][46.517372 57.645092 40.908073]
36196[11.410633 12.814878 -5.403388][47.156208 57.34901  40.908073]
36198[11.410633 12.814878 -4.64478 ][47.759544 57.621853 40.908073]
36213[11.396841   12.834835   -0.71118927][53.50391  50.880455 40.954124]
36216[11.396841   12.834835   -0.54985523][52.83832  50.94719  40.954124]
36223[11.389431  12.837343  -3.1982431][52.218143 47.875153 40.941357]
36224[11.389431  12.837343  -1.4595575][53.5014   47.875153 40.941357]
36251[11.353117 12.815596 13.561007][50.482    59.725967 40.958847]
36252[11.353117 12.815596 13.561007][50.01672  58.754677 40.958847]
36253[11.353117 12.815596 13.441591][50.15766  58.775276 40.958847]
36255[11.353117 12.815596 13.561007][49.614365 59.39945  40.958847]
36256[11.353117 12.815596 13.561007][49.658524 57.69081  40.958847]
36257[11.353117 12.815596 13.561007][51.175613 59.786686 40.958847]
36258[11.353117 12.815596 13.561007][50.83306  58.617435 40.958847]
36259[11.353117 12.815596 13.399586][49.70373  59.480274 40.958847]
36260[11.398306  12.829376   4.7635727][51.583004 51.111088 40.95219 ]
36261[11.398306 12.829376  2.105919][53.263706 49.795662 40.95219 ]
36262[11.398306  12.829376   3.6914177][51.89215  50.144154 40.95219 ]
36263[11.398306  12.829376   3.2849207][52.3035   48.046654 40.95219 ]
36264[11.398306  12.829376   2.1679096][53.514656 51.295982 40.95219 ]
36265[11.398306  12.829376   2.7517242][52.331894 51.35064  40.95219 ]
36267[11.398306 12.829376  5.082918][51.796135 49.782387 40.95219 ]
36268[11.398306  12.829376   3.9942493][52.969833 51.546078 40.95219 ]
36269[11.398306  12.829376   4.2220974][52.535652 51.337593 40.95219 ]
36290[11.389378  12.819481   0.8949442][55.409836 51.436913 40.946316]
36291[11.389378   12.819481    0.44271374][54.43144  51.431324 40.946316]
36292[11.389378   12.819481    0.74500656][54.485058 50.216618 40.946316]
36293[11.389378  12.819481   0.8309889][55.68767  49.975285 40.946316]
36294[11.389378 12.819481  0.995595][54.79349  51.627174 40.946316]
36295[11.389378   12.819481   -0.11427879][55.630596 52.290615 40.946316]
36296[11.389378  12.819481   0.6742506][55.785877 49.336174 40.946316]
36297[11.389378  12.819481   1.4563885][54.63707  50.515896 40.946316]
36298[11.389378  12.819481   1.3394098][54.79993  50.09221  40.946316]
36299[11.389378  12.819481   0.9179182][55.93868  50.741737 40.946316]
36310[11.409624  12.8248825  1.2369719][55.266357 47.862354 40.951454]
36311[11.409624  12.8248825  0.6315098][54.51886  47.862354 40.951454]
36312[11.409624   12.8248825   0.30128002][55.509632 47.862354 40.951454]
36313[11.409624  12.8248825 -0.5322647][55.558006 47.862354 40.951454]
36314[11.409624  12.8248825  2.2563314][54.096157 47.862354 40.951454]
36315[11.409624   12.8248825   0.98459053][55.07086  47.862354 40.951454]
36316[11.409624   12.8248825  -0.18975353][55.892998 47.862354 40.951454]
36317[11.409624   12.8248825   0.14408016][55.53268  47.862354 40.951454]
36318[11.409624  12.8248825  1.5644712][54.95615  47.862354 40.951454]
36319[11.409624   12.8248825   0.92702866][55.09342  47.862354 40.951454]
36324[11.402309 12.812889  8.183647][53.61461 47.85048 40.92386]
36328[11.402309 12.812889  9.490091][54.376144 47.85048  40.92386 ]
36330[11.404392  12.82329   -1.8432169][55.14243  49.046547 40.950596]
36331[11.404392   12.82329    -0.10594654][54.672512 47.86084  40.950596]
36332[11.404392  12.82329   -1.7401152][56.347157 48.868763 40.950596]
36333[11.404392   12.82329     0.05562782][56.081886 47.86084  40.950596]
36334[11.404392  12.82329   -0.6295452][56.612755 47.86084  40.950596]
36335[11.404392  12.82329   -1.5810347][57.253574 47.86084  40.950596]
36336[11.404392   12.82329    -0.77663517][56.225613 47.86084  40.950596]
36337[11.404392  12.82329   -1.2239981][56.695374 47.86084  40.950596]
36338[11.404392  12.82329   -1.5272455][55.814133 47.86084  40.950596]
36339[11.404392  12.82329   -0.9949894][55.441574 48.036953 40.950596]
36363[11.387817  12.834164  -1.8483372][51.248222 54.10823  40.9403  ]
36370[11.392218 12.820118 -4.94742 ][51.075176 47.857784 40.94068 ]
36371[11.392218  12.820118  -5.0301027][52.00108  47.857784 40.94068 ]
36372[11.392218  12.820118  -4.3534327][51.039562 47.857784 40.94068 ]
36373[11.392218  12.820118  -5.2341433][52.730534 47.857784 40.94068 ]
36374[11.392218  12.820118  -3.4461117][52.217476 47.857784 40.94068 ]
36375[11.392218  12.820118  -6.6769667][52.489014 47.857784 40.94068 ]
36376[11.392218 12.820118 -4.679947][51.07288  47.857784 40.94068 ]
36377[11.392218  12.820118  -5.4045887][51.615337 47.857784 40.94068 ]
36378[11.392218  12.820118  -4.2394886][51.43863  47.857784 40.94068 ]
36379[11.392218 12.820118 -5.394491][52.13906  47.857784 40.94068 ]
36381[11.387192  12.828669  -6.4692945][50.522865 51.39581  40.953392]
36384[11.387192  12.828669  -6.0420723][50.727154 53.651646 40.953392]
36403[11.39146   12.8303585  8.743948 ][51.80257  48.971504 40.955803]
36404[11.39146   12.8303585  8.522564 ][53.730274 49.868282 40.955803]
36406[11.39146   12.8303585  8.88312  ][52.454178 48.694866 40.955803]
36407[11.39146   12.8303585  8.801762 ][53.355286 49.046368 40.955803]
36408[11.39146   12.8303585  7.326866 ][53.681343 47.99283  40.955803]
36441[11.391422 12.83473  -5.518502][51.110912 57.772263 40.940308]
36442[11.391422  12.83473   -4.3735523][51.27464  57.759888 40.940308]
36443[11.391422 12.83473  -4.784459][50.406647 57.261223 40.940308]
36444[11.391422  12.83473   -3.3290062][50.566216 57.383984 40.940308]
36460[11.398832 12.829763 11.13069 ][50.867546 50.243996 40.95201 ]
36461[11.398832 12.829763 12.188492][50.714767 50.199574 40.95201 ]
36462[11.398832 12.829763 12.354025][50.478855 49.695335 40.95201 ]
36464[11.398832 12.829763 12.649181][52.14511 51.38999 40.95201]
36466[11.398832 12.829763 11.491049][52.56638 52.27952 40.95201]
36468[11.398832 12.829763 11.184879][51.68775  50.307823 40.95201 ]
36490[11.38843   12.815422  -1.1630449][52.44108  51.33655  40.940704]
36491[11.38843    12.815422    0.41135502][52.7101   48.50473  40.940704]
36492[11.38843   12.815422  -1.7337914][51.736233 50.426277 40.940704]
36493[11.38843   12.815422  -1.9862747][52.944187 50.305054 40.940704]
36494[11.38843   12.815422  -1.3413639][53.548294 50.418804 40.940704]
36495[11.38843    12.815422   -0.40583992][52.239117 48.884308 40.940704]
36496[11.38843   12.815422  -0.5575638][52.463326 50.3536   40.940704]
36498[11.38843    12.815422    0.58892345][52.702656 49.791103 40.940704]
36499[11.38843  12.815422 -0.347641][51.71908  50.35032  40.940704]
36500[11.407343  12.829218   0.8097849][54.85179  47.866753 40.950436]
36501[11.407343   12.829218   -0.30080414][55.221397 47.866753 40.950436]
36502[11.407343  12.829218   1.1875048][54.03188  47.866753 40.950436]
36503[11.407343  12.829218   1.1375418][55.198853 47.866753 40.950436]
36504[11.407343  12.829218   0.9868412][54.30565  47.866753 40.950436]
36505[11.407343  12.829218   1.0785131][55.20333  47.866753 40.950436]
36506[11.407343  12.829218   0.8846531][54.676468 47.866753 40.950436]
36507[11.407343 12.829218  1.347189][55.091335 47.866753 40.950436]
36508[11.407343   12.829218    0.60484886][54.678833 47.866753 40.950436]
36509[11.407343  12.829218   1.5750303][54.266495 47.866753 40.950436]
36519[11.380995  12.7865505  5.786915 ][54.51901  47.824223 40.908165]
36521[11.401699 12.825865 -2.934061][53.346333 52.349285 40.95344 ]
36524[11.401699  12.825865  -2.2561255][53.93589  52.683266 40.95344 ]
36530[11.405857  12.8263645  1.3519049][53.6639   47.86388  40.951523]
36531[11.405857  12.8263645  1.5439768][54.4068   47.86388  40.951523]
36532[11.405857  12.8263645  1.6830797][53.46202  47.86388  40.951523]
36533[11.405857  12.8263645 -0.54671  ][54.095745 47.86388  40.951523]
36534[11.405857  12.8263645  0.8294401][55.91379  47.86388  40.951523]
36535[11.405857   12.8263645   0.08349514][53.907825 47.86388  40.951523]
36536[11.405857  12.8263645  1.5878534][54.037876 47.86388  40.951523]
36537[11.405857  12.8263645  0.6850128][54.433533 47.86388  40.951523]
36538[11.405857  12.8263645 -0.1457119][54.17956  47.86388  40.951523]
36539[11.405857  12.8263645  0.9749317][54.359848 47.86388  40.951523]
36617[11.391352 12.831266  5.311558][53.235725 49.11404  40.939632]
36620[11.397995  12.837311   0.6340475][52.566254 47.87496  40.961853]
36621[11.397995   12.837311   -0.07696533][52.7207   47.87496  40.961853]
36622[11.397995   12.837311    0.08184338][52.526325 47.87496  40.961853]
36623[11.397995  12.837311  -1.1179533][53.79201  47.87496  40.961853]
36625[11.397995   12.837311   -0.45883846][53.85898  47.87496  40.961853]
36626[11.397995  12.837311   1.3710823][53.21934  47.87496  40.961853]
36627[11.397995  12.837311   1.3453312][52.397694 47.87496  40.961853]
36628[11.397995 12.837311  0.735631][53.55933  47.87496  40.961853]
36629[11.397995   12.837311   -0.01537418][52.635307 47.87496  40.961853]
36640[11.401741  12.807442   2.5533228][54.819378 49.58056  40.94732 ]
36641[11.401741  12.807442   3.2926226][54.257645 50.993793 40.94732 ]
36642[11.401741  12.807442   2.5267286][55.179726 49.77574  40.94732 ]
36643[11.401741  12.807442   3.0621977][54.671764 50.44532  40.94732 ]
36646[11.401741  12.807442   2.8830538][53.692207 49.54077  40.94732 ]
36647[11.401741  12.807442   2.8062344][55.26552  49.266846 40.94732 ]
36648[11.401741  12.807442   3.3201294][54.373398 50.788624 40.94732 ]
36649[11.401741  12.807442   1.0447006][55.025288 49.234715 40.94732 ]
36650[11.402185 12.8283   12.057945][52.236435 50.18364  40.945717]
36651[11.402185 12.8283   10.862967][52.60934  52.36885  40.945717]
36652[11.402185 12.8283   12.481243][51.136166 50.844193 40.945717]
36653[11.402185 12.8283   10.976711][51.644657 52.705986 40.945717]
36654[11.402185 12.8283   13.170589][50.753853 51.26988  40.945717]
36655[11.402185 12.8283   12.46003 ][50.911953 50.557594 40.945717]
36657[11.402185 12.8283   11.480825][50.782562 51.736805 40.945717]
36658[11.402185 12.8283   11.660027][50.74585  50.693565 40.945717]
36659[11.402185 12.8283   11.718487][52.061096 51.120605 40.945717]
36660[11.408199 12.823969 -0.334198][55.021408 47.861458 40.951477]
36661[11.408199   12.823969    0.60715675][54.904297 47.861458 40.951477]
36662[11.408199  12.823969   1.5639524][55.013588 47.861458 40.951477]
36663[11.408199  12.823969   0.7174635][53.837975 47.861458 40.951477]
36664[11.408199  12.823969   1.2526007][54.580215 47.861458 40.951477]
36665[11.408199   12.823969   -0.02265835][55.38306  47.861458 40.951477]
36666[11.408199   12.823969   -0.22849274][55.35042  47.861458 40.951477]
36667[1.1408199e+01 1.2823969e+01 4.8313141e-03][54.387135 47.861458 40.951477]
36668[11.408199   12.823969    0.81327534][53.762012 47.861458 40.951477]
36669[11.408199  12.823969   1.7633944][53.368225 47.861458 40.951477]
36672[11.403244 12.829084 13.554829][48.50284 49.5311  40.95267]
36700[11.409079  12.830608   0.5050297][55.012474 50.18027  40.94592 ]
36702[11.409079   12.830608   -0.17023563][54.01522  50.328228 40.94592 ]
36705[11.409079  12.830608   0.3942194][55.04322  49.717506 40.94592 ]
36708[11.409079  12.830608   1.0055723][54.35974 50.17803 40.94592]
36710[11.389303 12.829412 -3.200797][52.59823  52.297443 40.947617]
36712[11.389303  12.829412  -2.4275036][54.14638  51.385193 40.947617]
36717[11.389303 12.829412 -2.410102][53.4576   52.786285 40.947617]
36741[11.394693  12.83106   -5.8619776][50.021328 59.29827  40.927475]
36742[11.394693  12.83106   -5.8978148][48.73496  60.05736  40.927475]
36744[11.394693  12.83106   -5.4063244][48.611008 60.466743 40.927475]
36821[11.398478 12.837769 10.887821][50.71564  49.943302 40.946114]
36829[11.398478 12.837769 10.425423][52.176846 49.482807 40.946114]
36830[11.3957615 12.825777   3.2634182][54.418175 51.828125 40.957607]
36831[11.3957615 12.825777   4.0435963][54.540676 52.924202 40.957607]
36832[11.3957615 12.825777   3.2862415][53.783417 52.407993 40.957607]
36833[11.3957615 12.825777   2.7325478][53.076397 54.14779  40.957607]
36834[11.3957615 12.825777   4.223387 ][54.290703 53.805225 40.957607]
36835[11.3957615 12.825777   3.8388252][52.861908 53.41389  40.957607]
36837[11.3957615 12.825777   3.210415 ][53.581173 52.002365 40.957607]
36840[11.392326 12.815725  2.59369 ][54.40331  48.00819  40.938713]
36841[11.392326 12.815725  2.302143][53.62452  47.853355 40.938713]
36842[11.392326 12.815725  2.115447][52.970963 47.853355 40.938713]
36843[11.392326  12.815725   0.9342346][54.245632 47.853355 40.938713]
36844[11.392326 12.815725  2.105688][53.63472  48.04637  40.938713]
36845[11.392326  12.815725   1.9798355][53.47063  47.853355 40.938713]
36846[11.392326  12.815725   1.9247084][54.1564   47.853355 40.938713]
36848[11.392326   12.815725    0.73696804][54.40551  47.853355 40.938713]
36849[11.392326  12.815725   1.6310711][53.192787 47.853355 40.938713]
36850[11.38312   12.814247   3.3839035][53.043804 52.102715 40.937176]
36851[11.38312  12.814247  3.020094][53.865902 52.435745 40.937176]
36852[11.38312   12.814247   3.6808434][52.65491  53.44911  40.937176]
36853[11.38312   12.814247   5.2447796][53.18446  52.9785   40.937176]
36854[11.38312  12.814247  3.582138][52.81715  51.076935 40.937176]
36855[11.38312  12.814247  3.343814][52.17186  53.596436 40.937176]
36856[11.38312   12.814247   2.5253258][52.867348 52.792152 40.937176]
36857[11.38312  12.814247  2.760253][53.44206  51.93933  40.937176]
36858[11.38312   12.814247   2.3183022][53.406033 51.34396  40.937176]
36859[11.38312   12.814247   3.2992039][53.3883   51.930874 40.937176]
36860[11.375494 12.827034  4.413144][55.539715 48.17899  40.946575]
36861[11.375494 12.827034  4.004013][54.25365  47.86493  40.946575]
36862[11.375494  12.827034   4.9952354][54.6673   47.86493  40.946575]
36864[11.375494 12.827034  5.86018 ][52.36828  47.96053  40.946575]
36865[11.375494  12.827034   5.8829346][54.49048  47.86493  40.946575]
36866[11.375494 12.827034  4.759403][55.260624 47.86493  40.946575]
36868[11.375494 12.827034  5.2893  ][52.71062  48.50976  40.946575]
36922[11.40192   12.821018   7.7973633][54.091816 47.858562 40.949184]
36923[11.40192  12.821018  7.920765][53.012108 47.858562 40.949184]
36926[11.40192  12.821018  8.054546][53.55159  47.858562 40.949184]
36928[11.40192   12.821018   8.4007225][52.735054 47.858562 40.949184]
36929[11.40192  12.821018  8.3846  ][52.539864 47.858562 40.949184]
36935[11.374916 12.832628 13.543634][43.539036 63.270958 44.539017]
36952[11.407982  12.830915   1.5528831][53.581543 50.117386 40.95051 ]
36957[11.407982   12.830915    0.47305775][54.38317  49.320442 40.95051 ]
36960[11.397995  12.837311   0.7989836][53.117825 47.87496  40.961853]
36961[11.397995   12.837311   -0.02941608][52.36912  47.87496  40.961853]
36962[11.397995   12.837311   -0.32791138][52.619102 47.87496  40.961853]
36963[11.397995   12.837311    0.36421776][54.03177  47.87496  40.961853]
36964[11.397995  12.837311   0.9063349][52.963707 47.87496  40.961853]
36965[11.397995   12.837311    0.35646248][53.66709  47.87496  40.961853]
36966[11.397995   12.837311    0.77538776][52.64938  47.87496  40.961853]
36967[11.397995  12.837311   1.2124062][52.51677  47.87496  40.961853]
36968[11.397995   12.837311    0.47427845][52.181    47.87496  40.961853]
36969[11.397995  12.837311   0.2784214][53.251545 47.87496  40.961853]
36970[11.39937   12.831194   6.3988647][52.567936 48.12706  40.94138 ]
36971[11.39937  12.831194  4.584838][53.5947  47.86889 40.94138]
36975[11.39937  12.831194  5.479829][52.90342  48.810925 40.94138 ]
36976[11.39937  12.831194  5.936899][53.030865 47.86889  40.94138 ]
36991[11.39654   12.831234   2.4887972][52.83905  50.829052 40.95291 ]
36992[11.39654  12.831234  2.224639][51.872955 50.480278 40.95291 ]
36994[11.39654   12.831234   1.4292936][51.67283  51.667892 40.95291 ]
36995[11.39654   12.831234   2.0787458][51.910675 51.265194 40.95291 ]
36996[11.39654   12.831234   2.4897346][52.953598 50.6526   40.95291 ]
36999[11.39654   12.831234   2.4693813][52.60099  50.784286 40.95291 ]
37020[11.3979435  12.827515    0.16850758][52.36628  48.93698  40.947285]
37021[11.3979435 12.827515   1.019063 ][52.978626 48.602142 40.947285]
37022[11.3979435  12.827515    0.81496334][53.240467 48.166523 40.947285]
37023[11.3979435 12.827515   1.897624 ][52.704514 49.34034  40.947285]
37024[11.3979435 12.827515   1.5376472][53.953426 47.86519  40.947285]
37025[11.3979435  12.827515    0.47078133][53.808384 47.86519  40.947285]
37026[11.3979435 12.827515   1.1672907][52.638344 48.980698 40.947285]
37027[11.3979435  12.827515    0.96700764][53.240734 48.00263  40.947285]
37028[11.3979435 12.827515   1.6867056][53.062332 47.86519  40.947285]
37031[11.38101  12.815786  8.201334][54.35302 52.39241 40.94222]
37032[11.38101  12.815786  9.298239][54.01428  51.575558 40.94222 ]
37033[11.38101   12.815786   7.9441605][53.083046 49.756294 40.94222 ]
37038[11.38101  12.815786  9.346809][53.528133 50.88201  40.94222 ]
37050[11.397995   12.837311    0.94509125][53.00591  47.87496  40.961853]
37051[11.397995  12.837311   0.6726494][52.916878 47.87496  40.961853]
37052[11.397995   12.837311   -0.16200256][52.472263 47.87496  40.961853]
37053[11.397995   12.837311    0.51880836][53.824593 47.87496  40.961853]
37054[11.397995   12.837311   -0.79330635][52.669163 47.87496  40.961853]
37055[11.397995   12.837311   -0.61660385][53.874596 47.87496  40.961853]
37056[11.397995  12.837311  -0.0293293][53.67364  47.87496  40.961853]
37057[11.397995  12.837311  -0.2527876][53.150024 47.87496  40.961853]
37058[11.397995   12.837311   -0.49527168][53.340546 47.87496  40.961853]
37059[11.397995   12.837311   -0.48041916][54.238194 47.87496  40.961853]
37081[11.396404   12.832483   -0.12193108][53.03239  52.241722 40.94686 ]
37082[11.396404  12.832483  -0.2259264][54.55893 51.28564 40.94686]
37083[11.396404   12.832483   -0.76076984][53.561974 52.928036 40.94686 ]
37084[11.396404  12.832483  -0.8970852][53.32057  50.559242 40.94686 ]
37085[11.396404   12.832483   -0.17281723][52.636475 51.25311  40.94686 ]
37086[11.396404 12.832483  1.069727][52.08004  51.479572 40.94686 ]
37087[11.396404   12.832483   -0.21669579][52.73417  52.233273 40.94686 ]
37088[11.396404   12.832483   -0.65176487][53.69372  51.345375 40.94686 ]
37089[11.396404   12.832483   -0.19156551][52.171   50.65289 40.94686]
37095[11.363565  12.813021  -1.0418873][52.170475 51.607433 40.94579 ]
37099[11.363565  12.813021  -0.6954851][51.88448  50.428177 40.94579 ]
37110[11.388472 12.825411  5.024954][53.153835 48.723618 40.93862 ]
37111[11.388472  12.825411   3.9125175][53.53958  48.900005 40.93862 ]
37112[11.388472 12.825411  4.414953][52.760025 49.053646 40.93862 ]
37113[11.388472  12.825411   5.2807217][54.012024 50.63095  40.93862 ]
37114[11.388472  12.825411   3.9301853][52.95954 49.29705 40.93862]
37115[11.388472 12.825411  4.894782][53.048866 49.19419  40.93862 ]
37116[11.388472 12.825411  4.845769][52.43199  47.863167 40.93862 ]
37117[11.388472 12.825411  4.006192][55.07631  49.555832 40.93862 ]
37118[11.388472 12.825411  5.41809 ][52.881355 48.60541  40.93862 ]
37119[11.388472 12.825411  5.512602][52.960526 49.77349  40.93862 ]
37120[11.395504  12.829906   0.5802727][54.98402  47.867573 40.952503]
37121[11.395504  12.829906  -0.9069567][54.99312  47.867573 40.952503]
37122[11.395504  12.829906   1.5135565][54.26567  47.867573 40.952503]
37123[11.395504  12.829906   1.9479494][53.61936  47.867573 40.952503]
37124[11.395504  12.829906   0.7156906][54.528236 47.867573 40.952503]
37125[11.395504  12.829906   0.1513691][55.199585 47.867573 40.952503]
37126[11.395504   12.829906    0.38158894][53.947315 47.867573 40.952503]
37127[11.395504   12.829906    0.24107552][54.122723 47.867573 40.952503]
37128[11.395504  12.829906   1.7566786][54.417557 47.867573 40.952503]
37129[11.395504   12.829906   -0.11688042][55.097523 47.867573 40.952503]
37150[11.395084  12.821852  -0.6558418][54.01508  47.85948  40.944664]
37151[11.395084  12.821852   1.2788181][54.353447 47.85948  40.944664]
37153[11.395084   12.821852   -0.44562817][54.079323 47.85948  40.944664]
37155[11.395084  12.821852   1.5302267][53.329666 47.85948  40.944664]
37157[11.395084   12.821852    0.51660156][52.74943  47.85948  40.944664]
37158[11.395084  12.821852   0.6836662][52.55902  47.85948  40.944664]
37177[11.373459 12.804739  9.015051][55.003563 52.039463 40.948246]
37178[11.373459 12.804739  9.316807][55.52743  52.5812   40.948246]
37180[11.40539   12.826492  -1.3710032][55.766563 47.864082 40.941265]
37181[11.40539  12.826492 -3.333209][54.818382 47.90511  40.941265]
37182[11.40539   12.826492  -3.2823915][56.390026 47.864082 40.941265]
37183[11.40539   12.826492  -2.4819088][55.16787  47.864082 40.941265]
37184[11.40539   12.826492  -1.8228579][54.78464  47.864082 40.941265]
37185[11.40539   12.826492  -2.3811922][54.074608 49.098858 40.941265]
37186[11.40539   12.826492  -2.1958342][55.202694 47.864082 40.941265]
37187[11.40539   12.826492  -3.0129986][56.007885 47.864082 40.941265]
37188[11.40539   12.826492  -2.2094545][53.976658 47.864082 40.941265]
37189[11.40539  12.826492 -3.092332][55.10789  47.864082 40.941265]
37200[11.394531  12.828415   0.6496515][54.353516 52.584427 40.948044]
37201[11.394531   12.828415    0.89277935][52.87615  53.386375 40.948044]
37202[11.394531   12.828415   -0.64278126][53.962597 53.88302  40.948044]
37203[11.394531  12.828415   1.6910601][54.440403 54.67549  40.948044]
37204[11.394531  12.828415   0.5001688][54.489494 52.949863 40.948044]
37205[11.394531  12.828415   1.2819576][54.73551  54.586937 40.948044]
37206[11.394531  12.828415   2.0547209][53.283916 53.164207 40.948044]
37207[11.394531  12.828415   1.3331766][53.644688 53.174454 40.948044]
37208[11.394531  12.828415   0.2441597][53.900272 54.41773  40.948044]
37209[11.394531  12.828415   1.4331093][53.855545 54.917427 40.948044]
37210[11.388111  12.813879   4.4548235][52.487896 52.959606 40.939205]
37211[11.388111 12.813879  5.924919][52.881668 53.619457 40.939205]
37212[11.388111  12.813879   3.7949123][52.85325  53.05237  40.939205]
37213[11.388111 12.813879  6.5098  ][52.439045 52.966473 40.939205]
37214[11.388111 12.813879  5.644809][52.677597 53.500916 40.939205]
37215[11.388111 12.813879  5.073159][52.220726 51.657543 40.939205]
37216[11.388111  12.813879   3.6185684][53.625298 52.490456 40.939205]
37217[11.388111  12.813879   5.7690477][52.03     53.972824 40.939205]
37219[11.388111  12.813879   5.2601633][51.44845  52.38722  40.939205]
37237[11.375286  12.81912    1.7704563][52.50446 47.85697 40.94063]
37239[11.375286  12.81912    2.3566875][51.90396 47.85697 40.94063]
37255[11.365337  12.816021   7.7688236][49.865074 52.02747  40.983067]
37270[11.400761 12.823231  8.094803][54.43444  47.86081  40.953632]
37272[11.400761 12.823231  9.149786][54.511486 47.86081  40.953632]
37284[11.401545  12.82988    2.6948013][54.39259  50.891216 40.954556]
37288[11.401545  12.82988    2.3347197][53.808136 49.2136   40.954556]
