2545[11.396515 12.838272 13.545221][45.05401  47.876038 45.549717]
2547[11.396515 12.838272 13.545221][45.41883  47.876038 45.415012]
2580[11.392916 12.835623 13.550125][39.528214 47.87338  53.219807]
2584[11.392916 12.835623 13.550125][38.930843 47.87338  52.7949  ]
2585[11.392916 12.835623 13.550125][39.92906  47.87338  52.927414]
2586[10.930904 12.750278 13.550125][38.930843 47.87338  53.455875]
2587[11.392916 12.835623 13.550125][38.930843 47.87338  52.78047 ]
2589[10.960094 12.835623 13.550125][38.930843 47.87338  52.649788]
2890[ 9.173405 11.419895 13.555952][38.929157 47.870117 53.71341 ]
2896[ 9.507645 12.105658 13.555952][38.929157 47.870117 53.865353]
2947[11.403584 12.844105 13.557085][43.12056  47.881775 45.83524 ]
3105[11.384796 12.832256 13.565369][45.447807 47.869984 44.013   ]
3227[ 9.216055 12.836157 13.555977][38.92575  47.873943 53.353535]
3241[ 9.656446 10.532337 13.553942][38.927864 47.88023  51.509285]
3273[11.395966 12.211908 13.553089][41.515224 47.873756 49.256752]
3274[11.395966 11.341108 13.553089][42.694687 47.873756 49.495766]
