14711[11.38785  10.261162 13.554218][44.672752 47.8784   47.849014]
14712[11.38785  10.050041 13.554218][44.36915 47.8784  47.46477]
14713[11.38785    7.7590237 13.554218 ][44.545128 47.8784   47.34279 ]
14714[11.38785   9.663267 13.554218][45.39474 47.8784  47.47706]
14715[11.38785   9.247932 13.554218][45.430447 47.8784   46.640778]
14718[11.38785   9.686771 13.554218][44.27289 47.8784  46.37888]
14719[11.38785   8.156242 13.554218][44.017475 47.8784   48.443043]
14720[11.402166 12.821709 13.554005][48.78713  47.859253 46.363964]
14721[11.402166 12.821709 13.554005][48.329666 47.859253 45.96954 ]
14723[11.402166 11.707073 13.554005][48.76048  47.859253 46.464092]
14724[11.402166 12.638725 13.554005][48.861633 47.859253 45.44455 ]
14725[11.402166 12.453999 13.554005][47.39996  47.859253 46.053146]
14726[11.402166 12.46665  13.554005][48.02216  47.859253 46.47655 ]
14727[11.402166 11.021713 13.554005][47.703823 47.859253 45.156143]
14728[11.402166 11.197338 13.554005][48.516975 47.859253 46.509674]
14730[11.392527 12.833639 13.556828][46.38857  47.871346 45.838642]
14732[11.392527 12.833639 13.556828][47.32093  47.871346 45.226368]
14733[11.392527 12.833639 13.556828][47.222763 47.871346 45.374973]
14734[11.392527 12.833639 13.556828][44.683167 47.871346 45.673416]
14738[11.392527 12.833639 13.556828][45.742455 47.871346 46.353508]
14757[11.40057  12.836689 13.549786][42.47885  47.874355 53.35026 ]
14780[11.40856   9.345713 13.550707][49.1755   47.865227 45.222675]
14781[11.40856  11.094393 13.550707][49.58657  47.865227 44.5253  ]
14782[11.40856  10.362532 13.550707][50.110104 47.865227 44.78846 ]
14783[11.40856  11.9585   13.550707][50.47308  47.865227 45.09665 ]
14784[11.40856  10.279247 13.550707][50.256317 47.865227 43.964775]
14785[11.40856   9.051962 13.550707][49.500443 47.865227 44.88112 ]
14786[11.40856  12.055319 13.550707][49.87309  47.865227 44.70647 ]
14787[11.40856  11.871935 13.550707][48.35637  47.865227 44.9609  ]
14788[11.40856  10.649006 13.550707][50.36129  47.865227 44.69708 ]
14789[11.40856  10.552465 13.550707][49.93175  47.865227 44.7893  ]
14840[11.393833 10.092123 13.559452][44.66478  47.875786 47.400055]
14843[11.393833  8.724274 13.559452][44.82867  47.875786 48.17617 ]
14845[11.393833  8.932312 13.559452][44.835594 47.875786 47.516026]
14881[11.3893795  9.445164  13.553694 ][41.85972  47.872826 52.24756 ]
14882[11.3893795  9.319084  13.553694 ][41.538063 47.872826 52.318787]
14883[11.3893795  9.04813   13.553694 ][41.55399  47.872826 51.041626]
14888[11.3893795  8.712816  13.553694 ][42.181263 47.872826 52.279194]
14898[11.395998 12.829664 13.553352][46.333176 47.86733  47.379364]
14921[11.401344 12.836885 13.548832][44.37436 47.87456 53.40642]
14922[11.401344 12.836885 13.548832][43.95829  47.87456  52.705093]
14923[11.401344 12.836885 13.548832][43.53295  47.87456  51.823612]
14924[11.401344 12.836885 13.548832][45.017242 47.87456  53.75071 ]
14925[11.401344 12.836885 13.548832][42.56467  47.87456  53.141468]
14926[11.401344 12.836885 13.548832][43.9086   47.87456  52.567055]
14927[11.401344 12.836885 13.548832][42.468094 47.87456  53.001057]
14928[11.401344 12.836885 13.548832][43.588158 47.87456  54.050766]
14929[11.401344 12.836885 13.548832][43.01782 47.87456 52.60569]
14946[11.398371 12.835337 13.548576][44.51482 47.87303 47.31265]
14950[11.408918   8.3421135 13.556038 ][49.37674  47.860115 43.84819 ]
14951[11.408918  10.2710285 13.556038 ][49.92061  47.860115 44.354805]
14952[11.408918  8.326565 13.556038][48.347122 47.860115 44.980057]
14953[11.408918   7.9215164 13.556038 ][49.387653 47.860115 44.55966 ]
14954[11.408918  8.152103 13.556038][49.509613 47.860115 44.97023 ]
14955[11.408918 10.101389 13.556038][48.9134   47.860115 44.54859 ]
14956[11.408918   7.8454857 13.556038 ][50.96547  47.860115 45.534103]
14957[11.408918  7.309141 13.556038][49.088478 47.860115 44.645256]
14959[11.408918  9.287582 13.556038][48.11287  47.860115 44.118042]
14960[ 8.019299 12.829323 13.558037][38.928974 47.867023 55.10263 ]
14962[ 9.024845 12.829323 13.558037][38.928974 47.867023 57.423206]
14981[11.405064 12.822453 13.557766][45.54215  47.859943 45.137745]
14982[11.405064 12.822453 13.557766][45.121777 47.859943 45.413982]
14983[11.405064 12.822453 13.557766][44.833435 47.859943 45.65434 ]
14984[11.405064 12.822453 13.557766][44.004852 47.859943 45.602882]
14985[11.405064 12.822453 13.557766][45.45491  47.859943 44.492832]
15010[11.411308  9.020346 13.533314][48.874256 47.883675 45.557476]
15011[11.411308 10.419617 13.533314][48.89589  47.883675 44.657116]
15012[11.411308  8.6574   13.533314][47.979294 47.883675 44.307755]
15013[11.411308  9.829533 13.533314][49.78714  47.883675 43.402737]
15014[11.411308   8.9464245 13.533314 ][49.269497 47.883675 44.10331 ]
15015[11.411308  9.467236 13.533314][47.33169  47.883675 45.706818]
15016[11.411308  8.646784 13.533314][48.40885  47.883675 44.857857]
15017[11.411308  9.20537  13.533314][48.191177 47.883675 45.6612  ]
15018[11.411308  9.853325 13.533314][48.853683 47.883675 44.30334 ]
15019[11.411308  9.31834  13.533314][47.96966  47.883675 45.34063 ]
15047[11.398466 12.827763 12.101505][48.506138 48.698246 40.94764 ]
15060[11.408154 10.737247 13.553909][50.36774  47.858112 45.70086 ]
15061[11.408154  8.824837 13.553909][50.538315 47.858112 44.47818 ]
15062[11.408154  8.983397 13.553909][50.686485 47.858112 45.73464 ]
15063[11.408154  9.68676  13.553909][49.079292 47.858112 45.266823]
15064[11.408154 10.33325  13.553909][50.395664 47.858112 44.6071  ]
15065[11.408154 10.062452 13.553909][51.33685  47.858112 43.810772]
15066[11.408154  9.740452 13.553909][49.48417  47.858112 45.38488 ]
15067[11.408154  8.720461 13.553909][48.821144 47.858112 45.82572 ]
15068[11.408154  9.741543 13.553909][49.090187 47.858112 44.219955]
15069[11.408154  9.050312 13.553909][50.078636 47.858112 44.97502 ]
15080[ 7.014408 12.838102 13.557465][38.927753 47.875866 54.782722]
15081[ 6.9340363 12.838102  13.557465 ][38.927753 47.875866 54.656666]
15083[ 8.041235 12.838102 13.557465][38.927753 47.875866 56.20014 ]
15084[ 7.1268883 12.838102  13.557465 ][38.927753 47.875866 55.22062 ]
15085[ 7.817528 12.838102 13.557465][38.927753 47.875866 56.15331 ]
15087[ 7.6223106 12.838102  13.557465 ][38.927753 47.875866 54.850666]
15089[ 7.7128773 12.838102  13.557465 ][38.927753 47.875866 55.93261 ]
15109[11.379503   9.926952  13.5547905][44.62379  47.866898 49.464085]
15120[11.409849  10.07317   13.5540085][49.159653 47.858303 44.575108]
15121[11.409849   8.34383   13.5540085][50.54885  47.858303 44.59383 ]
15122[11.409849   8.328911  13.5540085][50.628555 47.858303 44.344032]
15123[11.409849   8.176216  13.5540085][49.08915  47.858303 45.195652]
15124[11.409849   7.3260555 13.5540085][49.200783 47.858303 45.727818]
15125[11.409849   8.705261  13.5540085][50.831318 47.858303 45.01463 ]
15126[11.409849   9.347137  13.5540085][49.94358  47.858303 45.524822]
15127[11.409849   9.867193  13.5540085][49.698597 47.858303 44.804016]
15128[11.409849   8.107264  13.5540085][50.68403  47.858303 44.57278 ]
15129[11.409849   7.9583225 13.5540085][48.90294  47.858303 45.622944]
15135[10.960384 12.833242 13.55764 ][38.928055 47.87097  55.42878 ]
15154[11.390036 12.879917 13.558495][44.343525 47.921745 47.22964 ]
15170[ 7.664749 12.832582 13.551559][38.929634 47.87031  56.709465]
15172[ 8.652071 12.832582 13.551559][38.929634 47.87031  56.713673]
15174[ 8.366222 12.832582 13.551559][38.929634 47.87031  57.290684]
15180[11.395403   9.34853   13.5548935][49.427242 47.87455  43.101048]
15181[11.395403   8.117825  13.5548935][48.911564 47.87455  45.425278]
15182[11.395403   8.649607  13.5548935][49.719486 47.87455  45.01174 ]
15183[11.395403   9.555101  13.5548935][49.1111   47.87455  45.470158]
15184[11.395403   8.417782  13.5548935][48.842648 47.87455  44.899845]
15185[11.395403   8.239216  13.5548935][48.650776 47.87455  43.823048]
15187[11.395403   8.203506  13.5548935][48.51794  47.87455  44.429348]
15188[11.395403   9.078432  13.5548935][48.63727  47.87455  43.708538]
15189[11.395403   7.4635754 13.5548935][49.159294 47.87455  44.423374]
15201[ 9.306725 12.82914  13.558273][38.92815  47.866833 55.53578 ]
15205[ 8.795372 12.82914  13.558273][38.92815  47.866833 55.77158 ]
15210[11.388962  9.380997 13.55883 ][46.320072 47.87184  49.164566]
15211[11.388962  9.700237 13.55883 ][45.671707 47.87184  49.972282]
15212[11.388962 11.35244  13.55883 ][47.294582 47.87184  48.834225]
15213[11.388962 11.455391 13.55883 ][47.542904 47.87184  48.715824]
15214[11.388962 11.031513 13.55883 ][46.30817  47.87184  49.833958]
15215[11.388962 10.368704 13.55883 ][45.22169  47.87184  49.491245]
15216[11.388962 11.958187 13.55883 ][46.253185 47.87184  48.998848]
15217[11.388962 11.675846 13.55883 ][47.321777 47.87184  49.377514]
15218[11.388962 11.719784 13.55883 ][45.579926 47.87184  48.5594  ]
15219[11.388962 10.477512 13.55883 ][46.015434 47.87184  49.44032 ]
15251[11.385525 12.847811 13.555441][44.206966 47.88569  49.201244]
15254[11.385525 12.847811 13.555441][42.62503 47.88569 49.46416]
15270[11.392084 12.521042 13.550299][46.948883 47.874203 45.09888 ]
15271[11.392084 12.418058 13.550299][48.55925  47.874203 46.26758 ]
15272[11.392084 11.643288 13.550299][47.77436  47.874203 45.332676]
15273[11.392084 12.836422 13.550299][46.318676 47.874203 45.550167]
15274[11.392084 10.542139 13.550299][48.040447 47.874203 45.271538]
15276[11.392084 11.530142 13.550299][46.984215 47.874203 46.549896]
15277[11.392084 12.836422 13.550299][46.244717 47.874203 46.059605]
15278[11.392084 12.465244 13.550299][46.393414 47.874203 46.26989 ]
15279[11.392084 12.836422 13.550299][46.93589  47.874203 45.52655 ]
15350[11.401344 12.836885 13.548832][44.131607 47.87456  52.621056]
15351[11.401344 12.836885 13.548832][42.30113  47.87456  53.642445]
15353[11.401344 12.836885 13.548832][43.5737   47.87456  52.081226]
15354[11.401344 12.836885 13.548832][43.119358 47.87456  53.27299 ]
15355[11.401344 12.836885 13.548832][44.30335  47.87456  52.920113]
15356[11.401344 12.836885 13.548832][44.305744 47.87456  52.754787]
15358[11.401344 12.836885 13.548832][44.172382 47.87456  51.856613]
15370[11.398636 10.814808 13.552238][44.80596  47.8745   50.465744]
15371[11.398636 11.780159 13.552238][44.510212 47.8745   50.610214]
15372[11.398636 11.057571 13.552238][42.826458 47.8745   50.88153 ]
15373[11.398636 10.636501 13.552238][43.833447 47.8745   51.568523]
15374[11.398636 12.836798 13.552238][43.399277 47.8745   49.76686 ]
15375[11.398636 10.696735 13.552238][43.33169 47.8745  50.69286]
15376[11.398636 10.892086 13.552238][43.801434 47.8745   50.89795 ]
15377[11.398636 10.252657 13.552238][42.85988  47.8745   51.273865]
15378[11.398636 11.383099 13.552238][42.912563 47.8745   51.652878]
15379[11.398636  9.546335 13.552238][43.71612 47.8745  50.29016]
15381[11.409849   9.062418  13.5540085][51.15131  47.858303 44.62672 ]
15382[11.409849   8.834448  13.5540085][50.396275 47.858303 46.045773]
15383[11.409849   8.302467  13.5540085][49.27323  47.858303 45.11795 ]
15384[11.409849   8.153147  13.5540085][50.602077 47.858303 45.292862]
15385[11.409849   8.360395  13.5540085][50.050777 47.858303 45.913216]
15386[11.409849   8.494263  13.5540085][48.664185 47.858303 44.669838]
15387[11.409849   7.181572  13.5540085][48.25461  47.858303 45.066696]
15388[11.409849   7.267872  13.5540085][50.96862  47.858303 44.241425]
15389[11.409849   9.265293  13.5540085][48.62331  47.858303 44.999214]
15411[ 8.7636795 12.83769   13.549145 ][38.927444 47.8755   55.573357]
15414[ 9.104286 12.83769  13.549145][38.927444 47.8755   55.056286]
15415[ 7.9292793 12.83769   13.549145 ][38.927444 47.8755   56.599472]
15433[11.394268 12.841038 11.845055][49.794453 47.878727 40.970245]
15438[11.394268 12.841038 11.231619][49.540318 47.878727 40.970245]
15450[11.412176   9.1836605 13.535515 ][48.333363 47.88607  43.310493]
15452[11.412176  8.868311 13.535515][48.264423 47.88607  45.6224  ]
15453[11.412176  8.206337 13.535515][48.257866 47.88607  44.90325 ]
15454[11.412176 10.591824 13.535515][47.70188  47.88607  44.484806]
15456[11.412176  8.599796 13.535515][48.279854 47.88607  43.35205 ]
15457[11.412176  9.640289 13.535515][47.359684 47.88607  44.052364]
15458[11.412176  8.757805 13.535515][48.543182 47.88607  44.451714]
15459[11.412176  9.819223 13.535515][46.912037 47.88607  43.7565  ]
15460[11.391172  12.8321705 13.553669 ][48.16446  47.8699   41.805756]
15463[11.391172  12.8321705 13.164959 ][49.47869 47.8699  40.95151]
15466[11.391172  12.8321705 13.553669 ][47.609093 47.8699   41.947613]
15524[11.408257 12.830315 13.545582][44.638252 47.867863 46.617653]
15561[11.4055    8.602737 13.554895][49.690666 47.86111  44.804504]
15562[11.4055    9.391865 13.554895][51.107548 47.86111  43.844536]
15563[11.4055    9.831242 13.554895][50.22186  47.86111  43.365284]
15564[11.4055     7.9266644 13.554895 ][50.33252  47.86111  44.491093]
15565[11.4055    8.702652 13.554895][48.394188 47.86111  44.829124]
15566[11.4055    8.698658 13.554895][49.357105 47.86111  44.94811 ]
15567[11.4055    8.534744 13.554895][50.09676  47.86111  43.920216]
15568[11.4055    8.610266 13.554895][48.8282  47.86111 44.30533]
15569[11.4055    8.218788 13.554895][48.982082 47.86111  44.348495]
15581[11.410233  5.404935 11.020813][52.70305  47.862114 40.949326]
15585[11.410233   6.146702  11.2709255][52.250477 47.862114 40.949326]
15587[11.410233  6.473669 11.90066 ][53.05584  47.862114 40.949326]
15589[11.410233   5.6435804 11.179256 ][53.108524 47.862114 40.949326]
15650[11.410097  9.282257 13.544218][51.420864 47.86375  45.206413]
15651[11.410097  8.267366 13.544218][53.31124  47.86375  43.898098]
15652[11.410097  8.916355 13.544218][52.915268 47.86375  44.628735]
15653[11.410097  9.238113 13.544218][52.50713 47.86375 44.5403 ]
15654[11.410097  9.653679 13.544218][52.77951  47.86375  43.186195]
15655[11.410097  9.134943 13.544218][52.722305 47.86375  44.1301  ]
15656[11.410097  8.764235 13.544218][52.18246  47.86375  44.673462]
15657[11.410097  8.903734 13.544218][52.177914 47.86375  43.295883]
15658[11.410097  9.035446 13.544218][52.902985 47.86375  45.43605 ]
15659[11.410097  8.666012 13.544218][53.203682 47.86375  43.80121 ]
15743[11.394894 12.606705 13.548866][39.09803  47.87092  53.560585]
15746[11.394894 12.833185 13.548866][40.33703  47.87092  53.474106]
15760[11.405212   5.4398994 10.733044 ][52.756435 47.86483  40.960987]
15762[11.405212   5.5204134 10.294683 ][52.806904 47.86483  40.960987]
15766[11.405212   4.8678207 10.861927 ][52.33084  47.86483  40.960987]
15768[11.405212   5.1633263 10.67547  ][52.025356 47.86483  40.960987]
