12451[11.393772 12.837112 13.554188][44.025555 47.874847 48.14827 ]
12452[11.393772 12.837112 13.554188][43.873375 47.874847 48.3667  ]
12459[11.393772 12.837112 13.554188][43.870544 47.874847 49.284958]
12568[ 9.90786  12.831984 13.542725][39.61254  47.869728 51.275406]
12630[11.397146  11.4450035 13.553841 ][44.83176  47.860153 52.828224]
12631[11.397146 12.822552 13.553841][43.62539  47.860153 51.558365]
12632[11.397146 12.539091 13.553841][45.30627  47.860153 53.524445]
12633[11.397146 12.822552 13.553841][44.08438  47.860153 52.51986 ]
12634[11.397146 12.822552 13.553841][43.63895  47.860153 53.448444]
12637[11.397146 12.822552 13.553841][43.78086  47.860153 53.73875 ]
12638[11.397146 12.822552 13.553841][43.612644 47.860153 53.092587]
12674[11.391205 12.836285 13.555134][42.79024 47.87404 48.30837]
12750[11.415392  8.423143 13.530525][49.267376 47.885036 45.273808]
12751[11.415392  8.829977 13.530525][47.70527  47.885036 44.851025]
12752[11.415392 10.180767 13.530525][48.8487   47.885036 45.07601 ]
12753[11.415392  9.42938  13.530525][47.86818  47.885036 44.944115]
12754[11.415392  9.995062 13.530525][49.165215 47.885036 45.00613 ]
12755[11.415392  8.150553 13.530525][49.49386  47.885036 45.25179 ]
12756[11.415392  8.048758 13.530525][49.575314 47.885036 45.02415 ]
12758[11.415392  9.444239 13.530525][49.67468  47.885036 45.61217 ]
12807[11.403574 12.819368 13.598925][43.043625 47.856697 48.15587 ]
12820[11.410376   7.4848137 13.551689 ][52.85446  47.869858 45.3085  ]
12821[11.410376   7.0655003 13.551689 ][52.922836 47.869858 44.720802]
12822[11.410376   6.6992702 13.551689 ][51.678577 47.869858 44.26393 ]
12825[11.410376  8.486874 13.551689][51.11084  47.869858 45.629795]
12826[11.410376   7.3881226 13.551689 ][50.721508 47.869858 45.833107]
12827[11.410376  6.818987 13.551689][51.107426 47.869858 45.864765]
12828[11.410376   7.7630196 13.551689 ][52.61148  47.869858 45.57977 ]
12829[11.410376  9.146633 13.551689][50.558617 47.869858 45.000244]
12844[11.409273 12.814293 11.196592][50.194736 47.851612 40.97396 ]
12851[11.38946  12.818554 13.568029][46.750847 47.856148 47.627   ]
12853[11.38946  12.818554 13.568029][46.720943 47.856148 46.523872]
12861[11.398392 11.918903 13.554035][46.22706  47.864674 48.73079 ]
12862[11.398392  9.659687 13.554035][47.26718  47.864674 50.47631 ]
12864[11.398392 10.582886 13.554035][46.15575  47.864674 49.42324 ]
12865[11.398392 10.433193 13.554035][46.309917 47.864674 49.99192 ]
12866[11.398392  9.02565  13.554035][47.333076 47.864674 49.2493  ]
12867[11.398392  9.854317 13.554035][45.348854 47.864674 50.16648 ]
12868[11.398392  8.797703 13.554035][45.004337 47.864674 50.442905]
12869[11.398392 11.497343 13.554035][47.066032 47.864674 48.08027 ]
12870[11.411209  8.891251 13.555035][50.477886 47.858    44.45667 ]
12871[11.411209  8.944979 13.555035][48.83065  47.858    44.928192]
12872[11.411209  9.168329 13.555035][50.08996 47.858   45.48442]
12873[11.411209  8.198856 13.555035][50.778187 47.858    44.142876]
12874[11.411209  8.9634   13.555035][50.5715   47.858    44.202797]
12875[11.411209  8.843838 13.555035][49.468628 47.858    44.314137]
12876[11.411209   8.1481495 13.555035 ][50.497364 47.858    44.324413]
12877[11.411209  7.751652 13.555035][49.36313 47.858   44.73202]
12878[11.411209  8.664471 13.555035][49.343803 47.858    45.061707]
12879[11.411209  8.893557 13.555035][50.35288  47.858    45.355545]
12921[11.388817   9.6257515 13.552414 ][42.62282  47.873108 50.598156]
12922[11.388817  9.972296 13.552414][42.559902 47.873108 50.53943 ]
12923[11.388817  9.486679 13.552414][41.71043  47.873108 52.63261 ]
12924[11.388817  9.805614 13.552414][41.6773   47.873108 51.610107]
12925[11.388817  9.565315 13.552414][42.610016 47.873108 51.73576 ]
12926[11.388817 11.433386 13.552414][42.559628 47.873108 50.370384]
12927[11.388817 11.129683 13.552414][42.455345 47.873108 49.808025]
12929[11.388817 10.268288 13.552414][42.268864 47.873108 50.862637]
13010[11.391497 12.846119 13.55658 ][47.553993 47.88392  45.688843]
13017[11.391497 12.846119 13.55658 ][48.238525 47.88392  45.66612 ]
13030[11.405243 10.13777  13.548294][51.129818 47.872437 44.879402]
13031[11.405243  8.907864 13.548294][50.846024 47.872437 45.52996 ]
13032[11.405243 11.210468 13.548294][49.10799  47.872437 46.478573]
13033[11.405243  8.789621 13.548294][49.589436 47.872437 45.896736]
13034[11.405243  9.03974  13.548294][49.189693 47.872437 45.053562]
13035[11.405243  8.032541 13.548294][49.517483 47.872437 45.531494]
13036[11.405243  7.641714 13.548294][48.792133 47.872437 45.720894]
13037[11.405243  9.237478 13.548294][51.008896 47.872437 44.372253]
13038[11.405243 10.235653 13.548294][51.314632 47.872437 44.96186 ]
13039[11.405243  9.745098 13.548294][50.293125 47.872437 46.20911 ]
13052[11.140236 12.830503 13.554375][38.92554  47.868248 54.945564]
13059[11.387611 12.830503 13.554375][38.92554  47.868248 57.257065]
13060[11.409849   8.216793  13.5540085][49.246815 47.858303 45.623127]
13061[11.409849   8.219732  13.5540085][50.954533 47.858303 45.838448]
13062[11.409849   9.352692  13.5540085][48.89835  47.858303 44.47973 ]
13063[11.409849   8.3180065 13.5540085][51.136707 47.858303 45.3295  ]
13064[11.409849   6.9882927 13.5540085][49.24361  47.858303 45.134808]
13065[11.409849   7.9699116 13.5540085][49.832386 47.858303 45.22247 ]
13066[11.409849   8.622791  13.5540085][49.302643 47.858303 44.77046 ]
13067[11.409849   9.134592  13.5540085][49.148705 47.858303 44.99738 ]
13068[11.409849   9.6526375 13.5540085][49.668694 47.858303 45.007008]
13069[11.409849   9.568966  13.5540085][50.5463   47.858303 45.822178]
13120[11.408701   7.5525455 13.555988 ][50.453556 47.86055  43.554028]
13122[11.408701 10.264416 13.555988][49.46909  47.86055  44.207874]
13123[11.408701  9.363735 13.555988][49.808693 47.86055  43.716812]
13124[11.408701  8.955799 13.555988][49.459827 47.86055  45.463493]
13125[11.408701  8.520803 13.555988][48.94157  47.86055  44.760853]
13126[11.408701 10.282976 13.555988][48.307228 47.86055  44.226585]
13127[11.408701 10.040461 13.555988][48.903717 47.86055  45.215084]
13128[11.408701   9.9063835 13.555988 ][49.342022 47.86055  45.159336]
13129[11.408701  8.565163 13.555988][49.97442 47.86055 44.7135 ]
13160[11.408918   7.6191883 13.556038 ][51.28044  47.860115 44.924316]
13161[11.408918  8.155144 13.556038][48.521194 47.860115 44.691734]
13162[11.408918  8.708809 13.556038][49.770557 47.860115 45.252975]
13163[11.408918  8.88036  13.556038][50.06652  47.860115 43.473927]
13164[11.408918 10.763105 13.556038][50.75651  47.860115 44.270893]
13165[11.408918  9.162174 13.556038][50.465263 47.860115 45.76797 ]
13166[11.408918  8.036741 13.556038][48.682312 47.860115 45.730946]
13167[11.408918  8.54118  13.556038][49.940453 47.860115 44.09177 ]
13168[11.408918 10.188065 13.556038][51.151665 47.860115 43.87461 ]
13169[11.408918  8.087666 13.556038][50.387257 47.860115 43.457092]
13190[11.410376   6.3293533 13.551689 ][51.68393  47.869858 44.746822]
13191[11.410376   6.2698994 13.551689 ][51.120335 47.869858 44.475014]
13192[11.410376   7.0860806 13.551689 ][51.292557 47.869858 45.465786]
13193[11.410376  8.46871  13.551689][52.308342 47.869858 44.509003]
13194[11.410376   6.5443916 13.551689 ][52.378635 47.869858 44.682335]
13195[11.410376  6.195591 13.551689][50.989456 47.869858 44.705086]
13196[11.410376  7.392889 13.551689][51.615    47.869858 46.134506]
13197[11.410376  6.035742 13.551689][50.801468 47.869858 45.294598]
13198[11.410376   7.9778347 13.551689 ][50.7935   47.869858 46.236317]
13199[11.410376  8.578949 13.551689][50.318146 47.869858 44.831535]
13250[11.403549   9.322008  13.5530205][43.736935 47.872555 52.433014]
13251[11.403549   9.181808  13.5530205][43.260685 47.872555 52.959824]
13252[11.403549   9.963623  13.5530205][44.03621  47.872555 52.82005 ]
13253[11.403549   9.920534  13.5530205][44.511093 47.872555 52.18242 ]
13254[11.403549   9.619713  13.5530205][44.265434 47.872555 52.70021 ]
13255[11.403549   8.920998  13.5530205][43.53173  47.872555 53.41091 ]
13256[11.403549   8.883038  13.5530205][43.979256 47.872555 53.61033 ]
13257[11.403549   9.366722  13.5530205][43.955963 47.872555 53.677326]
13258[11.403549   9.7593975 13.5530205][42.39944  47.872555 53.396957]
13259[11.403549   9.953903  13.5530205][44.16127  47.872555 53.435474]
13270[11.403688 12.823267 13.556913][46.826317 47.86078  53.049732]
13271[11.403688 12.526838 13.556913][45.49079  47.86078  53.552994]
13272[11.403688 12.455311 13.556913][45.471058 47.86078  53.773087]
13273[11.403688 11.743465 13.556913][45.629513 47.86078  53.01699 ]
13274[11.403688 12.823267 13.556913][45.715397 47.86078  53.585155]
13275[11.403688 12.823267 13.556913][46.926266 47.86078  53.119415]
13276[11.403688 12.823267 13.556913][44.90474  47.86078  53.185226]
13277[11.403688 12.823267 13.556913][44.719524 47.86078  52.641438]
13278[11.403688 11.739573 13.556913][46.669945 47.86078  52.94368 ]
13279[11.403688 12.06176  13.556913][45.40784  47.86078  52.359505]
13287[11.386665 12.883148 13.55151 ][43.77484  47.921318 48.157536]
13292[11.392048 12.833696 13.550829][45.739525 47.87142  47.081955]
13294[11.392048 12.683914 13.550829][47.059002 47.87142  46.11474 ]
13295[11.392048  12.6909485 13.550829 ][46.316452 47.87142  46.46428 ]
13296[11.392048 12.506966 13.550829][46.216316 47.87142  47.415592]
13299[11.392048 12.69199  13.550829][45.944847 47.87142  47.346676]
13330[11.409849   8.233702  13.5540085][49.453133 47.858303 45.58774 ]
13331[11.409849   7.8869095 13.5540085][51.25977  47.858303 44.25793 ]
13332[11.409849   9.095215  13.5540085][50.973896 47.858303 44.823555]
13333[11.409849   8.7800045 13.5540085][48.888336 47.858303 44.0656  ]
13334[11.409849   7.631731  13.5540085][48.756912 47.858303 45.224663]
13335[11.409849   9.409704  13.5540085][48.57653  47.858303 44.088287]
13336[11.409849  10.146849  13.5540085][49.221874 47.858303 44.50754 ]
13338[11.409849   9.569214  13.5540085][50.4045   47.858303 44.749485]
13339[11.409849   7.772566  13.5540085][50.408245 47.858303 45.214516]
13400[11.398861   7.8278103 13.546364 ][46.247147 47.86528  48.572365]
13401[11.398861  9.080528 13.546364][47.11456 47.86528 49.01834]
13402[11.398861  9.990021 13.546364][47.216167 47.86528  49.171833]
13403[11.398861  9.048595 13.546364][46.26775  47.86528  49.368652]
13405[11.398861  9.695965 13.546364][47.555885 47.86528  48.3824  ]
13406[11.398861  8.472326 13.546364][46.24846  47.86528  50.064415]
13407[11.398861   7.6993484 13.546364 ][45.803062 47.86528  49.37175 ]
13408[11.398861 10.018898 13.546364][47.278126 47.86528  48.827812]
13409[11.398861  8.010468 13.546364][46.8825   47.86528  50.068153]
13412[11.405897  9.918232 13.553738][47.58385 47.86258 50.8533 ]
13414[11.405897  9.870369 13.553738][46.406734 47.86258  51.58413 ]
13415[11.405897 10.074104 13.553738][47.856686 47.86258  50.915634]
13416[11.405897 11.539276 13.553738][47.66954  47.86258  49.512737]
13417[11.405897 10.955296 13.553738][46.618008 47.86258  53.23781 ]
13418[11.405897 10.653011 13.553738][48.20193  47.86258  50.403133]
13430[11.397106 12.82498  13.537191][42.565716 47.862667 55.117493]
13431[11.397106 12.82498  13.537191][42.518776 47.862667 53.835175]
13432[11.397106 12.700499 13.537191][42.35275  47.862667 54.59359 ]
13433[11.397106 12.82498  13.537191][44.96817  47.862667 54.039757]
13434[11.397106 12.82498  13.537191][43.71932  47.862667 54.800323]
13435[11.397106 12.82498  13.537191][41.807465 47.862667 53.967125]
13436[11.397106 12.82498  13.537191][42.35383  47.862667 54.862595]
13437[11.397106 12.82498  13.537191][41.354725 47.862667 55.097546]
13438[11.397106 12.82498  13.537191][43.33844  47.862667 53.87675 ]
13439[11.397106 12.82498  13.537191][41.50878  47.862667 54.624454]
13440[11.409849   9.387262  13.5540085][49.450054 47.858303 44.56935 ]
13441[11.409849   9.186544  13.5540085][50.65268  47.858303 45.28382 ]
13442[11.409849   8.058207  13.5540085][48.981434 47.858303 44.333622]
13443[11.409849   9.081734  13.5540085][50.97305  47.858303 45.133255]
13444[11.409849   9.23509   13.5540085][49.39367  47.858303 45.40154 ]
13445[11.409849   9.736662  13.5540085][50.173508 47.858303 44.946774]
13446[11.409849   8.66852   13.5540085][50.52576  47.858303 45.518562]
13447[11.409849   9.599302  13.5540085][49.36953  47.858303 46.112843]
13448[11.409849   6.580841  13.5540085][49.90377  47.858303 44.95086 ]
13473[11.390738 12.892431 13.541649][43.30656  47.930656 48.37867 ]
13477[11.390738 12.101147 13.541649][43.99099  47.930656 47.943195]
13478[11.390738 12.058908 13.541649][44.660126 47.930656 48.29459 ]
13504[11.399834 10.504757 13.558311][44.828274 47.86324  47.36129 ]
13505[11.399834 10.686638 13.558311][45.82188  47.86324  47.827175]
13506[11.399834 11.387777 13.558311][45.638012 47.86324  46.089684]
13507[11.399834 10.773539 13.558311][44.960674 47.86324  46.505016]
13530[ 8.431999  12.8410015 13.552095 ][38.92973  47.87879  55.717503]
13541[11.402021  9.14365  13.558245][47.749218 47.86092  46.31745 ]
13542[11.402021  9.137844 13.558245][47.832924 47.86092  46.368973]
13543[11.402021  9.61898  13.558245][45.907764 47.86092  46.63995 ]
13544[11.402021  9.272751 13.558245][45.61273  47.86092  47.560738]
13545[11.402021  9.409834 13.558245][48.01389  47.86092  46.331127]
13546[11.402021 10.444843 13.558245][46.488113 47.86092  46.7508  ]
13548[11.402021  8.744638 13.558245][47.69901 47.86092 46.44142]
