10181[11.404348 12.821016 13.550598][44.509945 47.85853  46.721077]
10241[11.392227 12.834492 13.55431 ][42.39383  47.872246 48.732635]
10245[11.392227 12.834492 13.55431 ][42.826706 47.872246 47.889477]
10264[ 9.3200035 12.817736  13.544014 ][39.306458 47.855576 50.830814]
10265[ 9.770493 12.817736 13.544014][40.175827 47.855576 50.908295]
10269[ 9.698248 12.817736 13.544014][40.095875 47.855576 50.747803]
10270[11.397915 12.834063 13.539013][47.075405 47.871803 48.285793]
10271[11.397915 12.834063 13.539013][46.266376 47.871803 48.325527]
10272[11.397915 12.834063 13.539013][45.592407 47.871803 48.67719 ]
10275[11.397915 12.834063 13.539013][46.48429  47.871803 46.868404]
10276[11.397915 12.834063 13.539013][46.042213 47.871803 48.729744]
10277[11.397915 12.834063 13.539013][47.60933  47.871803 47.88905 ]
10279[11.397915 12.834063 13.539013][46.231    47.871803 47.83907 ]
10320[11.399593 12.275818 13.545216][44.528793 47.861416 49.685448]
10324[11.399593 11.467346 13.545216][44.8377   47.861416 49.125183]
10327[11.399593 12.224995 13.545216][42.193096 47.861416 50.41892 ]
10442[11.396847 12.831917 13.552498][43.93218  48.443726 45.974876]
10443[11.396847 12.831917 13.552498][43.811085 47.869587 45.40607 ]
10480[11.396696 12.81794  13.562878][43.368256 47.85546  51.373104]
10481[11.396696 12.81794  13.562878][44.469322 47.85546  50.950546]
10482[11.396696 12.81794  13.562878][44.660492 47.85546  50.738594]
10483[11.396696 11.325668 13.562878][46.337887 47.85546  50.193752]
10484[11.396696 12.300724 13.562878][43.931736 47.85546  51.79813 ]
10485[11.396696 12.81794  13.562878][44.256374 47.85546  51.63223 ]
10487[11.396696 12.461956 13.562878][43.30183  47.85546  51.067257]
10488[11.396696 11.812462 13.562878][45.36058  47.85546  50.814636]
10542[11.400852 11.173786 13.548515][44.885983 47.867977 52.06808 ]
10543[11.400852 11.476372 13.548515][43.67372  47.867977 51.76317 ]
10544[11.400852 12.676563 13.548515][44.86426  47.867977 51.40931 ]
10545[11.400852 12.830311 13.548515][43.59818  47.867977 51.631386]
10547[11.400852 12.830311 13.548515][43.75617  47.867977 50.736393]
10548[11.400852 12.830311 13.548515][42.095726 47.867977 50.715252]
10891[11.389915 12.839916 13.557434][43.280018 47.877724 48.853622]
10899[11.389915 12.839916 13.557434][43.30959  47.877724 48.206493]
10935[11.393766 12.835411 13.548786][43.62028  47.873177 47.988304]
10997[11.399517  12.8223915 13.560101 ][43.39318 47.85994 49.87545]
10999[11.399517  12.8223915 13.560101 ][42.240635 47.85994  50.02632 ]
11077[11.398838 12.824434 13.559967][44.70165 47.86199 45.09769]
11142[11.400276  8.292709 13.564075][41.351494 47.863495 50.877316]
11143[11.400276  8.694504 13.564075][43.63902  47.863495 51.79802 ]
11146[11.400276  8.42724  13.564075][43.37648  47.863495 51.725758]
11147[11.400276  8.693666 13.564075][43.00714  47.863495 51.479614]
11170[11.397524 12.555647 13.563507][44.568146 47.85423  51.722042]
11172[11.397524 12.816713 13.563507][45.237644 47.85423  49.811195]
11174[11.397524 12.816713 13.563507][44.118816 47.85423  50.76911 ]
11175[11.397524 12.587612 13.563507][45.455776 47.85423  51.613033]
11176[11.397524 12.077354 13.563507][45.832535 47.85423  51.598866]
11179[11.397524 11.085953 13.563507][46.155365 47.85423  50.55869 ]
11291[11.393932 12.829294 13.54184 ][40.86153  47.867023 49.50863 ]
11297[11.393932 12.829294 13.54184 ][40.758873 47.867023 50.064358]
11298[11.393932 12.829294 13.54184 ][41.20153  47.867023 49.44517 ]
